1 89
1 120
1 705
1 652
2 39
2 459
2 655
2 497
2 26
2 600
2 766
2 826
2 428
2 820
2 106
2 22
2 836
2 472
2 147
2 355
2 518
2 724
3 621
3 219
3 905
3 955
3 624
3 657
3 952
3 414
3 494
3 885
3 261
3 51
3 240
3 84
3 669
3 426
3 166
4 270
4 465
5 153
5 242
5 156
5 188
5 677
5 356
5 696
5 919
5 437
5 334
5 381
5 379
5 736
5 555
6 451
6 869
6 197
6 898
7 951
7 766
7 392
7 284
7 112
7 127
7 568
7 289
7 54
7 683
7 27
7 737
7 469
7 711
7 697
7 650
7 911
7 588
7 740
7 669
7 590
7 413
7 810
8 29
9 91
9 139
9 709
9 32
9 646
9 746
9 45
9 929
9 279
9 481
9 97
9 264
9 653
9 886
9 226
9 860
9 299
9 714
9 672
9 377
9 779
9 965
9 974
9 370
9 782
10 141
10 578
10 297
10 687
10 768
10 865
10 747
10 621
10 43
10 326
10 770
10 382
11 989
11 269
11 568
11 753
11 426
11 308
11 275
11 106
11 124
12 783
12 220
12 391
12 944
12 600
12 227
12 283
12 367
12 315
12 426
12 968
12 827
12 496
12 502
12 893
12 703
12 399
12 319
12 309
12 716
12 809
12 731
12 871
12 229
13 368
13 614
13 474
13 696
13 27
13 537
13 437
13 773
13 566
13 687
13 39
13 87
13 82
13 6
13 826
13 1
13 316
13 831
13 402
13 548
13 677
14 271
14 891
14 369
14 269
14 688
14 652
14 219
14 108
14 510
14 302
15 490
15 870
15 487
16 335
16 772
16 147
16 695
16 238
16 519
16 396
16 753
16 566
16 451
16 960
16 438
16 303
16 146
16 155
16 71
17 765
17 340
18 554
18 22
18 367
18 817
18 257
18 377
18 286
18 596
18 329
18 268
18 154
18 31
18 754
18 837
19 72
19 34
19 36
19 79
19 786
19 455
19 546
19 445
19 612
19 326
19 110
19 747
19 305
19 999
19 590
19 530
19 485
19 553
19 618
19 950
19 944
19 167
20 925
20 786
20 972
20 331
20 453
20 281
20 931
20 142
20 388
20 6
20 975
20 379
20 439
20 350
20 587
20 469
20 718
20 893
21 289
21 559
21 664
21 265
22 549
22 672
22 739
22 973
22 310
22 977
22 701
22 653
22 232
22 669
22 869
22 818
22 50
22 184
22 753
22 151
22 199
22 90
22 489
23 719
23 439
23 850
23 632
23 25
23 404
23 767
23 202
23 332
23 699
23 698
23 230
23 805
23 745
24 731
24 442
24 953
24 983
24 326
24 596
24 817
24 451
24 648
24 353
24 191
24 335
24 158
24 35
24 533
24 217
24 57
25 563
25 715
25 936
25 442
25 803
25 245
25 406
26 522
26 159
26 703
26 766
26 545
26 125
26 575
26 353
27 637
27 205
27 584
27 247
27 530
27 351
28 349
28 101
28 174
28 522
28 947
28 492
28 441
28 592
28 432
28 168
28 870
28 148
28 363
29 647
29 878
29 866
29 954
29 949
29 331
29 862
29 858
29 62
29 478
29 481
29 965
29 900
30 638
30 47
30 409
30 462
31 782
31 913
31 959
31 245
31 791
31 797
31 287
31 999
31 429
31 309
31 226
31 534
31 890
31 710
32 289
32 639
32 42
32 385
32 930
32 222
32 452
32 951
32 409
32 421
32 48
32 81
32 451
32 549
32 646
32 198
32 76
32 329
32 710
33 86
33 710
33 870
33 774
33 666
33 232
33 517
33 199
33 923
33 223
33 604
33 713
33 976
33 235
33 696
33 96
33 136
33 181
33 841
33 52
33 51
33 790
34 183
35 348
35 895
35 430
35 323
35 716
35 542
35 404
35 964
35 982
35 136
35 75
35 661
35 921
35 679
35 935
35 408
35 415
35 698
35 247
35 46
35 370
35 322
36 954
36 578
36 4
36 927
36 929
36 733
36 802
36 61
36 897
37 981
37 583
37 646
37 30
37 206
37 255
38 358
38 716
38 427
38 533
39 775
39 127
39 759
39 27
39 868
39 449
39 18
39 568
39 428
39 90
39 642
39 880
39 675
39 281
39 802
39 211
39 328
40 968
40 513
40 321
40 409
40 654
40 32
40 797
40 119
40 18
41 273
41 680
41 997
41 233
41 725
41 855
41 422
41 192
41 689
41 18
41 494
41 703
41 302
41 562
41 812
41 524
41 705
41 385
41 675
41 272
41 305
41 554
41 758
42 821
42 376
43 750
43 958
43 157
43 878
43 860
44 162
44 181
45 165
45 813
45 392
45 892
45 129
45 198
45 876
45 145
45 400
45 856
45 131
45 468
45 391
45 874
45 628
46 267
46 52
46 399
46 787
46 845
46 704
46 316
46 762
46 865
47 318
47 248
47 510
47 616
47 879
47 945
47 274
47 162
47 502
47 645
48 978
48 623
48 996
48 417
48 973
48 523
48 122
48 452
48 935
48 97
48 455
48 555
48 161
48 785
48 363
48 737
48 285
49 679
49 106
49 935
49 54
49 512
49 300
49 657
49 821
49 788
49 794
49 525
49 452
49 826
49 286
49 530
49 610
49 48
49 155
49 781
50 342
50 312
50 161
50 682
50 962
50 34
50 245
50 635
50 788
50 605
50 868
50 223
50 376
50 907
50 466
50 572
50 103
50 76
50 432
50 32
51 81
51 672
51 713
51 910
51 490
51 732
51 983
51 846
51 446
51 451
51 365
51 799
51 570
51 752
51 726
51 134
52 8
52 89
52 717
52 194
52 583
52 206
52 16
52 930
52 103
52 85
52 767
52 607
52 141
52 115
52 561
52 814
52 863
52 796
52 862
52 217
52 496
52 116
52 59
52 824
53 436
53 175
53 243
53 566
53 189
53 830
53 268
53 870
53 906
53 466
54 572
54 47
54 389
54 480
54 2
54 687
54 868
54 463
54 980
54 567
55 579
56 831
56 33
56 95
56 655
56 147
56 568
56 769
56 742
56 590
56 195
56 601
56 273
56 648
56 658
56 155
56 93
56 509
56 705
56 328
56 200
56 198
56 629
56 959
56 74
56 976
57 796
57 725
57 182
57 37
57 25
57 308
57 474
57 266
57 918
57 880
57 988
57 114
57 562
57 647
57 591
57 405
57 687
57 731
57 754
58 228
58 376
58 456
58 734
58 136
58 600
59 297
59 234
59 1000
59 80
60 803
60 135
60 425
60 417
60 404
60 923
60 439
60 544
60 658
60 519
60 773
60 589
60 486
60 761
60 198
60 751
60 820
61 473
61 175
61 979
61 499
61 317
61 936
61 911
61 631
61 757
61 262
61 873
61 701
61 471
62 737
62 854
62 586
62 48
62 101
62 698
62 60
62 490
62 770
62 613
63 478
63 769
63 782
63 730
63 60
63 362
63 299
63 821
63 134
63 530
63 973
63 430
63 275
64 979
64 162
64 37
64 91
64 116
64 825
64 752
64 141
64 903
64 943
64 491
64 53
64 160
64 876
64 790
65 91
65 400
65 871
65 32
65 661
65 12
65 397
65 304
65 472
66 697
66 17
66 957
67 817
67 649
67 950
67 654
67 546
67 872
67 703
67 69
67 92
67 599
67 698
67 850
67 993
68 583
68 407
68 410
68 933
68 398
68 510
68 495
68 661
68 879
68 215
68 178
68 970
69 352
69 427
69 90
69 165
69 736
69 99
69 602
69 589
69 22
69 171
69 983
69 149
69 584
69 280
69 387
70 553
70 69
70 934
70 579
70 106
70 940
70 37
70 916
70 262
70 587
70 261
70 180
70 753
70 524
70 798
70 816
70 481
70 657
70 139
70 493
70 660
70 292
70 404
70 265
70 776
71 396
71 290
72 9
72 40
72 984
72 614
72 692
72 633
72 357
72 900
72 847
73 888
73 780
73 746
73 539
73 464
73 136
73 216
73 295
73 278
73 352
73 907
73 724
73 730
73 954
73 156
73 134
73 34
73 725
73 157
73 665
74 936
74 579
74 24
74 192
74 302
74 419
74 668
74 528
74 672
74 392
74 72
74 284
74 124
74 50
74 381
74 956
75 99
75 997
75 34
75 398
75 775
75 755
75 217
75 70
75 769
75 667
75 95
75 722
75 80
75 205
76 563
76 352
76 297
77 240
77 866
77 294
77 616
77 849
77 802
77 462
77 698
77 738
77 510
77 243
77 366
77 811
77 609
77 306
78 250
78 654
78 664
78 883
78 262
78 346
78 874
78 603
78 295
78 948
79 665
79 983
79 382
79 77
79 119
79 743
79 683
79 141
79 88
79 146
79 699
79 830
79 489
80 438
80 119
80 251
80 177
80 391
80 330
80 514
80 169
80 652
81 468
81 21
81 411
81 223
81 431
81 889
81 433
81 625
81 546
81 580
81 661
81 784
81 133
81 230
81 45
81 383
81 716
81 850
81 482
81 137
82 236
83 212
83 646
83 64
83 971
83 789
84 329
85 457
85 872
85 676
85 768
85 317
86 958
86 289
86 361
87 91
87 554
87 97
87 99
87 150
87 961
87 697
87 866
87 552
87 979
87 231
87 592
87 858
88 64
88 870
88 447
88 13
88 175
88 611
88 361
88 699
88 591
88 300
88 739
88 514
89 106
89 5
89 798
89 266
89 283
89 221
89 679
89 337
89 395
89 789
89 938
89 178
89 985
89 566
89 362
89 488
89 913
89 951
89 21
89 546
89 181
89 962
89 398
89 664
90 543
90 689
90 692
90 151
90 541
90 98
90 589
90 787
90 850
90 990
90 515
90 542
90 446
90 316
90 53
90 194
90 664
90 75
90 811
90 176
90 908
91 112
91 317
92 546
92 384
92 981
92 942
92 327
92 922
92 567
92 685
92 252
92 781
92 158
92 461
92 773
92 17
92 258
92 633
92 478
92 841
92 629
93 242
93 722
93 172
93 845
94 137
94 234
94 142
94 187
94 884
94 185
94 549
94 964
94 913
94 347
94 343
94 459
94 304
94 512
94 79
94 975
94 946
94 438
94 879
94 133
94 586
94 173
94 197
94 227
94 375
95 397
95 491
95 954
95 293
95 762
95 369
95 349
95 679
95 464
95 240
95 136
95 547
95 520
95 132
95 449
95 144
95 463
95 640
95 532
95 650
96 905
96 144
96 582
96 536
96 583
96 821
96 777
96 669
96 361
96 569
96 50
96 86
96 683
96 34
96 133
96 559
96 949
96 368
96 634
96 376
96 384
96 260
96 165
96 27
97 407
97 180
97 274
97 158
97 194
97 181
97 308
97 783
97 613
97 832
97 131
97 103
97 54
97 752
97 562
97 702
97 573
97 706
98 26
98 469
99 150
99 683
99 688
99 22
99 888
99 758
99 695
99 845
99 184
99 223
99 268
99 917
99 177
99 598
100 735
100 945
100 994
100 231
100 182
100 706
100 691
100 591
100 581
100 815
100 904
101 993
101 464
101 97
101 111
102 39
102 209
102 54
102 408
102 12
102 506
102 522
102 429
102 549
102 284
102 360
102 309
102 532
102 216
102 67
103 783
103 814
103 243
103 421
103 860
103 869
103 961
103 211
103 788
103 948
103 205
103 593
103 131
103 241
103 741
103 427
103 555
103 866
104 876
104 592
104 270
104 435
104 774
104 803
104 51
104 602
104 69
105 522
105 708
105 819
105 563
105 386
105 723
105 114
105 429
105 655
106 598
107 669
107 876
107 256
108 520
108 767
108 791
108 362
108 533
108 760
108 698
108 837
109 403
109 111
109 930
109 759
110 779
110 207
110 230
110 773
110 250
110 359
110 757
110 306
110 889
110 152
110 62
110 2
110 454
110 816
111 164
111 224
111 834
111 658
111 225
111 301
111 947
111 573
111 35
111 230
111 672
111 180
111 507
111 486
111 942
111 699
111 96
111 646
111 754
111 163
112 78
112 966
113 634
113 365
113 50
113 267
113 651
113 452
113 453
113 238
113 121
113 29
113 200
113 573
113 671
113 45
113 186
113 195
113 100
113 530
113 331
113 758
113 152
113 562
113 423
113 925
113 16
114 987
114 937
114 601
114 124
114 500
114 665
114 727
114 213
114 882
114 898
114 959
114 255
114 68
115 159
115 40
115 121
115 725
115 945
115 583
115 553
115 135
115 836
115 629
115 483
115 9
116 908
116 685
116 59
116 751
117 347
118 333
118 996
118 62
118 801
118 120
118 296
118 315
118 587
119 563
119 720
119 373
119 784
120 138
120 350
120 205
120 172
120 257
120 58
120 885
120 348
120 441
120 626
120 227
120 314
120 516
120 260
120 555
120 424
121 944
121 957
121 811
121 190
121 140
121 994
121 589
121 925
121 847
121 664
121 407
121 945
121 69
121 845
121 75
121 266
121 66
121 992
121 995
121 973
121 659
121 914
121 696
122 4
122 931
122 59
122 228
122 322
122 906
122 481
122 378
122 787
122 752
122 495
122 321
122 44
122 815
123 87
123 691
123 783
123 994
123 843
123 597
123 528
123 677
123 596
123 129
123 572
123 8
123 245
124 34
124 521
124 400
124 404
124 881
124 847
124 679
124 577
124 340
124 1
124 6
124 608
124 792
124 719
124 869
124 695
124 768
124 245
124 100
124 40
124 122
124 931
124 367
124 660
125 953
125 695
125 896
125 132
125 763
125 44
125 992
125 84
125 542
125 255
125 854
125 680
125 297
125 45
125 797
125 179
125 947
125 393
126 724
126 887
126 10
126 467
126 988
126 895
126 449
126 293
126 437
126 226
126 501
126 958
126 512
126 1000
126 57
126 73
126 889
126 497
126 788
126 362
126 309
127 271
127 208
127 234
127 750
127 423
127 812
127 78
127 540
127 482
127 173
127 210
127 9
128 46
128 396
128 852
128 775
129 919
130 950
130 98
130 217
130 116
130 408
130 871
130 247
130 122
130 503
130 981
130 205
130 677
130 68
130 979
130 874
130 927
131 983
131 923
131 545
131 293
131 634
131 202
131 872
131 468
131 339
131 795
131 319
131 651
131 646
131 47
131 206
131 330
131 236
132 561
132 542
132 746
132 230
132 239
132 161
132 434
132 334
132 117
132 219
132 16
132 221
133 997
134 123
134 862
134 90
134 98
134 151
134 493
134 407
135 244
135 412
135 600
135 588
135 606
135 405
135 562
135 552
135 580
135 340
135 325
135 676
135 827
135 270
135 770
136 621
136 712
136 956
136 19
136 295
137 622
137 94
137 621
137 159
137 882
137 630
137 961
137 477
138 238
138 716
138 957
138 125
138 798
138 795
138 802
138 680
138 484
138 786
138 48
138 696
138 10
138 288
138 849
138 35
138 567
138 793
138 962
138 627
138 636
139 847
139 382
139 79
139 984
139 752
139 955
139 108
139 512
139 257
139 424
139 959
139 187
139 358
139 739
140 945
140 190
141 785
141 849
141 939
141 319
141 876
141 447
141 585
141 904
141 863
141 280
141 605
141 352
141 59
141 773
141 589
142 477
142 345
142 175
142 619
142 258
142 526
142 333
142 745
142 403
142 86
142 240
143 84
143 776
143 410
143 835
143 469
143 784
143 397
143 635
143 176
143 240
143 232
143 344
143 333
143 973
143 593
143 874
143 870
143 155
143 785
143 51
143 974
143 430
144 11
144 603
144 624
144 453
144 961
144 836
144 614
144 561
144 247
144 96
144 92
144 285
144 296
144 413
144 460
144 863
144 898
145 540
145 978
145 957
145 742
145 678
145 982
145 558
145 768
145 327
145 756
145 339
145 414
145 631
146 332
146 86
146 213
146 616
146 922
146 363
146 578
146 219
146 81
146 957
146 403
146 413
146 319
146 517
146 45
146 201
146 16
146 740
146 685
147 210
147 863
147 437
148 57
148 718
149 114
149 374
149 219
149 31
149 28
149 577
149 312
149 820
149 790
149 586
149 919
149 231
149 22
149 310
149 819
149 362
150 271
150 417
150 756
150 593
150 284
150 446
150 388
150 619
150 181
150 741
150 566
150 450
150 501
150 606
150 527
150 400
150 60
150 443
151 590
151 847
151 285
151 398
151 977
151 353
151 13
151 312
152 570
152 626
152 823
152 51
152 607
152 876
152 144
152 735
152 963
152 673
152 337
152 695
152 482
152 770
152 945
152 890
152 637
152 569
152 342
152 173
152 84
152 777
152 547
152 377
152 155
153 269
153 995
153 608
153 444
153 595
153 672
153 118
153 298
153 908
153 364
153 243
153 703
153 684
153 570
153 885
153 546
153 38
154 261
154 563
154 281
154 722
155 90
155 361
155 298
155 464
156 603
156 915
156 744
156 114
156 765
156 797
156 46
156 291
156 493
156 504
156 697
156 830
156 292
156 743
156 914
156 629
157 840
157 943
157 661
158 554
158 55
158 550
158 319
158 712
158 469
158 138
158 719
158 331
158 427
159 668
159 362
159 73
159 263
159 982
159 413
159 280
159 996
159 762
159 481
159 827
159 261
159 957
159 924
159 416
159 44
159 693
159 311
159 949
159 402
159 64
159 768
159 729
160 526
160 658
160 336
160 660
160 458
160 668
160 179
160 516
160 884
161 195
161 100
161 451
161 444
161 499
161 53
161 701
161 36
161 644
161 835
161 306
161 150
161 531
161 550
161 621
161 294
161 180
161 519
161 781
162 508
162 814
162 741
162 984
162 784
162 55
162 566
163 285
163 711
163 141
163 710
163 94
164 239
164 783
164 106
164 66
164 433
164 62
164 485
164 723
164 245
164 163
164 439
164 165
164 9
164 884
164 470
164 456
164 327
164 73
164 296
164 651
164 382
164 683
164 782
164 847
164 481
165 402
165 850
165 498
165 484
165 351
166 44
166 546
166 950
166 389
166 428
166 361
166 134
166 496
166 159
166 980
166 418
166 453
166 500
166 866
166 180
166 325
166 121
166 934
166 785
166 237
166 450
166 207
167 713
167 495
167 963
167 152
167 775
167 65
167 833
167 694
167 560
167 724
167 356
167 565
167 973
167 911
167 517
167 58
167 558
167 79
167 574
168 748
168 891
168 651
168 653
168 382
168 587
168 425
168 791
168 13
168 72
168 175
168 926
168 75
169 408
170 195
170 730
170 599
170 665
170 46
170 193
170 681
170 281
170 516
170 425
170 899
170 48
170 54
170 135
170 14
170 125
170 719
171 255
171 426
171 604
171 502
171 983
171 80
171 984
172 651
172 673
172 570
172 625
172 726
172 547
172 872
172 287
172 444
172 705
172 60
172 3
172 828
172 958
172 623
172 567
172 718
172 106
173 838
174 228
174 115
174 57
174 778
174 868
175 856
175 110
175 196
175 868
176 8
176 145
176 563
176 362
176 688
176 56
176 175
176 653
176 301
176 306
176 842
176 986
176 792
176 309
176 995
176 799
176 340
176 945
177 80
177 186
177 582
177 920
177 872
177 552
177 28
177 126
177 608
177 798
177 406
177 780
177 892
177 101
177 656
177 21
177 87
177 132
177 504
177 315
177 502
177 403
178 153
178 621
179 792
179 660
179 237
179 362
179 733
179 788
179 111
179 927
179 950
179 668
179 832
179 797
179 628
179 149
179 443
180 25
180 569
180 81
180 87
180 402
180 971
180 298
180 583
180 470
180 479
180 64
180 121
180 757
180 63
180 21
180 674
180 259
180 13
180 263
180 346
180 95
181 719
181 989
181 50
181 894
181 25
181 880
181 286
181 632
181 484
181 944
181 995
181 289
181 517
182 5
182 566
182 9
182 135
182 288
182 179
182 731
182 10
182 823
182 966
182 885
182 306
182 684
182 944
182 403
182 117
182 346
182 292
182 307
182 620
182 328
182 935
182 713
182 535
183 878
183 731
183 109
183 499
183 519
183 841
183 691
183 302
183 895
183 407
183 277
183 716
183 309
183 96
183 796
183 347
183 394
183 107
183 100
183 125
183 701
184 739
184 581
184 724
184 907
184 372
184 396
184 375
184 726
184 561
184 692
184 2
185 887
185 159
185 472
185 269
186 785
187 223
187 970
187 895
187 398
187 754
187 489
187 666
187 819
188 544
188 262
188 426
188 546
188 130
188 591
188 378
188 689
188 471
188 942
188 482
188 333
188 495
188 62
188 559
188 841
189 445
189 765
189 863
189 676
190 930
190 98
190 536
190 679
190 826
190 685
190 396
190 395
190 650
190 840
190 429
190 139
190 946
190 726
190 678
190 134
190 661
190 89
190 645
191 72
191 843
191 706
191 121
191 318
191 151
191 269
191 208
191 478
191 670
191 467
191 449
191 754
191 5
191 940
191 84
191 299
191 381
191 898
191 297
191 592
191 895
192 546
192 916
192 818
192 781
192 429
192 63
192 518
192 313
192 386
192 252
192 306
193 191
193 182
193 280
193 196
193 282
193 901
193 784
193 445
193 823
193 574
193 846
193 761
193 779
193 718
193 534
193 739
193 714
193 849
193 872
193 14
193 102
194 533
194 138
194 38
194 475
194 953
194 563
194 482
194 755
194 66
194 478
194 480
194 599
194 118
194 289
194 231
194 559
194 167
194 223
194 348
194 169
194 763
194 298
195 262
195 1
195 845
195 827
195 118
195 103
195 946
195 638
195 244
196 495
196 848
197 114
197 161
197 539
197 608
197 257
197 533
197 185
197 560
197 190
197 334
197 480
197 76
197 592
197 702
197 229
197 435
197 408
197 774
197 876
197 152
197 432
197 494
197 218
197 267
197 932
198 368
198 691
198 390
198 724
198 403
198 176
198 970
198 264
198 583
198 133
198 677
198 676
198 731
198 413
198 165
198 355
199 15
199 977
199 863
199 288
199 369
199 48
199 795
199 166
199 804
199 749
199 336
199 801
199 876
199 175
199 292
199 173
199 110
199 508
199 224
199 807
200 852
201 91
201 790
201 922
201 908
201 148
201 452
201 42
201 21
201 3
201 825
201 73
201 315
201 509
201 390
201 774
201 926
201 625
201 675
201 292
201 235
201 146
201 223
201 13
201 156
202 597
202 510
202 633
202 139
202 972
203 948
203 335
203 615
203 436
203 537
203 450
203 663
203 111
203 98
203 687
203 654
203 784
203 571
203 54
203 298
203 530
203 656
203 350
203 319
203 775
203 144
203 717
204 83
204 87
204 72
204 622
204 212
204 189
204 135
204 884
204 737
204 585
204 315
204 38
204 336
204 848
204 948
204 436
204 795
204 691
205 728
205 456
205 868
205 824
205 582
205 404
205 934
205 290
205 219
205 515
205 1
205 112
206 878
206 792
206 590
206 142
206 783
206 859
206 366
206 267
206 885
206 341
206 322
206 139
207 439
207 886
207 623
207 458
207 75
207 23
207 780
207 629
207 30
207 155
207 521
207 81
207 578
208 173
208 969
208 952
208 25
209 486
209 750
209 791
209 205
209 575
209 433
209 722
209 612
209 186
209 886
209 114
210 48
210 901
210 426
210 564
210 111
210 37
210 800
210 120
210 927
210 89
210 193
210 427
211 702
211 724
211 932
211 820
212 350
213 224
213 609
213 831
213 293
213 870
213 430
213 564
213 440
213 74
213 958
213 817
213 473
214 829
214 790
214 262
214 345
214 682
214 468
214 325
214 850
214 571
214 449
214 643
214 669
214 331
214 891
214 630
214 698
214 163
214 748
214 531
214 237
215 815
215 257
215 523
215 162
215 651
215 727
215 764
215 188
215 801
215 389
215 542
215 500
215 490
216 949
216 875
216 832
217 593
217 682
217 460
217 500
217 912
217 321
217 239
217 898
217 794
217 14
217 596
217 415
217 372
217 703
217 215
217 805
217 600
217 455
217 57
217 833
217 95
217 927
217 41
217 462
218 660
218 345
218 885
219 897
219 411
219 949
219 459
219 510
219 216
219 749
219 917
219 276
219 140
219 693
219 463
219 327
219 30
219 579
219 429
219 282
219 520
219 800
219 883
219 557
219 760
220 890
220 635
220 264
220 355
221 693
221 347
221 502
221 651
221 281
221 989
222 782
222 281
222 772
222 735
222 139
222 87
223 83
223 806
223 106
223 684
223 605
223 82
223 995
223 193
223 282
223 579
223 118
223 459
223 767
223 304
223 369
223 894
223 717
223 277
223 97
224 633
224 235
224 111
224 893
224 314
225 522
225 909
225 701
225 167
225 417
225 217
225 879
225 385
225 908
225 351
225 30
226 553
226 282
226 258
226 497
226 699
226 624
226 802
226 149
226 568
226 868
226 96
226 69
226 446
226 793
226 95
226 952
226 321
226 537
226 881
226 808
226 755
226 826
226 61
227 470
227 609
227 887
227 490
227 168
228 70
228 503
228 667
228 770
228 170
228 92
228 282
228 288
228 125
228 934
229 405
229 250
229 237
229 257
229 163
229 298
229 859
229 89
229 396
229 16
229 926
229 87
229 766
229 769
229 589
229 943
229 891
229 268
229 526
229 808
229 283
229 58
229 408
230 816
230 819
230 912
230 652
230 25
230 584
230 623
230 593
230 778
230 669
230 573
230 881
230 974
230 979
230 227
230 298
230 123
230 113
230 134
230 402
230 60
230 888
230 795
231 546
231 810
231 211
231 236
231 906
231 325
231 611
231 499
231 481
231 543
231 27
231 219
231 851
231 11
232 853
232 820
232 118
232 806
232 204
232 479
232 324
232 107
232 729
232 705
232 152
232 784
232 677
232 549
232 774
232 517
233 254
233 827
233 967
233 239
233 141
233 484
233 96
233 50
233 144
233 986
234 578
234 178
234 409
235 646
235 302
235 619
235 286
235 110
235 556
235 297
235 896
235 931
235 296
235 675
235 748
236 463
236 85
236 231
236 335
236 225
236 443
236 925
236 566
236 708
236 203
236 644
236 471
236 800
236 468
236 923
236 641
236 452
236 754
236 342
236 25
237 743
237 261
237 920
237 99
237 807
237 482
237 600
237 348
237 721
237 732
237 722
237 897
237 121
237 738
237 947
237 408
237 417
237 293
237 205
237 686
237 863
237 203
237 535
238 386
238 859
238 411
238 609
238 651
238 105
238 774
238 62
238 443
238 495
239 655
239 766
239 159
239 580
239 877
239 300
239 920
239 359
239 739
239 703
239 393
239 194
239 584
239 818
239 889
239 71
239 295
239 992
239 140
240 826
240 202
240 689
240 985
240 74
241 449
241 60
241 966
241 818
241 312
241 212
241 877
241 493
241 411
241 370
241 497
241 536
241 390
241 736
241 982
241 568
241 991
241 473
241 436
241 120
241 140
242 826
242 975
242 108
242 365
242 888
242 921
242 694
242 61
242 353
242 790
242 785
242 78
242 793
242 146
242 745
242 679
242 199
242 940
242 820
242 613
242 870
242 117
242 75
242 375
242 110
243 541
244 618
244 996
244 100
244 462
244 884
244 663
244 786
244 557
244 676
244 52
244 209
244 205
245 39
245 947
246 970
246 536
246 463
246 298
246 516
246 357
246 663
246 243
246 884
246 261
246 276
246 591
246 240
246 564
246 26
246 209
246 42
246 955
246 917
246 909
247 17
247 369
247 444
247 38
247 278
247 661
247 120
247 955
247 255
247 158
247 70
247 978
247 74
247 417
247 969
247 659
248 920
248 354
248 629
248 264
249 788
250 739
250 943
250 658
250 772
250 56
250 617
250 566
250 173
250 365
251 496
252 961
252 202
252 325
252 783
252 477
252 314
252 117
252 147
252 173
252 407
252 159
252 442
252 400
252 862
252 207
252 677
252 858
253 46
253 166
253 931
253 219
253 780
253 198
253 519
253 306
253 317
253 364
253 921
253 759
253 919
253 272
253 646
253 876
253 437
254 872
254 670
254 815
254 863
254 692
254 988
254 366
254 737
254 600
254 560
254 385
254 953
254 524
254 116
254 698
255 480
255 143
255 75
255 215
255 338
255 243
255 340
255 523
255 745
255 786
255 991
255 758
255 900
255 313
255 879
255 289
255 99
255 646
255 25
255 331
255 853
255 30
255 670
255 653
255 720
256 645
256 512
256 127
256 177
256 630
256 45
256 23
256 297
256 213
256 834
256 342
256 540
256 244
256 535
256 580
256 705
256 721
256 220
256 608
256 818
256 961
256 847
257 766
257 857
257 221
257 511
257 176
257 938
257 30
257 377
258 159
258 748
258 221
258 865
258 958
258 855
258 758
258 799
258 172
258 617
258 679
258 502
258 680
258 468
258 379
258 82
258 751
259 607
260 1
260 907
260 432
260 957
261 1
261 123
261 953
261 88
261 92
261 34
261 607
261 243
261 328
261 916
261 824
261 889
261 142
261 506
261 615
261 527
261 537
261 553
261 210
261 36
261 535
261 122
261 56
261 498
262 478
262 379
262 354
262 609
262 187
262 470
262 724
262 185
262 171
262 14
262 787
262 503
262 836
262 837
262 737
262 174
262 542
262 715
262 792
262 346
262 282
262 269
262 968
262 324
262 536
263 991
263 50
263 347
263 242
264 34
264 400
264 437
264 120
264 508
264 487
264 425
264 477
264 892
264 312
264 228
264 751
264 48
264 615
264 476
264 681
264 346
264 93
264 560
264 773
264 756
264 820
264 962
265 815
265 291
265 198
265 621
265 194
265 913
265 390
265 30
265 262
265 565
265 894
266 574
266 19
266 752
266 596
266 869
266 787
266 55
266 551
266 93
266 80
266 327
266 196
267 18
267 691
267 6
267 179
268 380
268 474
268 569
268 756
268 763
268 724
268 93
268 205
268 727
268 76
268 340
268 535
268 256
268 861
268 665
268 278
268 284
268 511
269 437
269 333
269 70
269 350
269 363
269 588
269 304
269 299
269 728
269 393
269 615
269 937
269 684
269 463
269 721
269 188
269 784
269 482
269 280
269 990
269 250
269 66
269 975
269 383
270 726
270 890
270 598
270 537
270 439
270 251
270 659
270 333
271 281
271 638
271 547
271 148
271 521
271 749
271 45
271 298
271 966
271 361
271 549
271 619
271 973
271 633
271 194
271 411
271 54
271 8
271 851
271 423
271 927
271 586
271 507
272 503
272 147
272 240
273 167
273 62
273 695
273 937
273 292
273 659
273 70
273 71
273 298
273 898
273 554
273 384
273 82
273 330
273 903
273 516
273 210
273 176
273 391
273 423
274 948
275 129
275 581
275 756
275 730
275 815
275 945
275 197
275 136
276 97
276 900
276 429
276 286
276 453
276 508
276 71
276 758
276 572
276 324
276 487
276 620
276 23
276 28
276 898
276 796
276 54
276 949
276 602
276 686
276 654
276 691
276 692
276 889
277 385
277 201
277 875
277 942
277 699
277 518
277 445
277 822
277 641
277 835
277 219
277 310
277 97
277 804
277 958
277 335
277 223
277 773
278 355
278 146
278 133
278 887
278 498
278 788
278 700
278 225
278 53
278 499
278 15
278 724
278 715
278 83
279 128
279 271
279 21
279 884
279 918
279 366
279 147
279 664
279 379
279 323
279 46
279 845
279 936
279 577
279 669
279 431
280 658
280 854
280 519
280 283
280 212
281 249
281 208
281 441
281 751
281 717
281 886
281 457
281 544
281 708
282 420
282 887
282 900
282 973
282 374
282 313
282 141
282 884
282 646
282 207
282 250
282 982
282 483
282 286
282 533
283 687
283 364
283 883
283 896
283 460
283 4
284 889
284 781
285 460
285 192
285 760
285 573
285 623
285 940
285 199
285 258
285 682
285 91
285 37
285 928
285 818
286 140
286 405
286 86
286 608
286 761
286 505
286 803
286 836
286 257
286 625
286 657
286 168
286 410
286 969
286 887
287 781
287 642
287 318
287 377
287 747
287 444
287 210
287 463
287 89
287 775
287 472
287 762
288 724
288 94
289 872
289 101
289 344
289 206
289 16
289 859
289 325
289 949
289 237
289 282
289 328
289 532
290 510
290 660
290 594
290 518
290 481
290 173
290 853
290 956
290 997
290 16
290 568
290 755
290 951
290 859
290 476
290 485
291 987
292 760
292 671
292 215
292 249
292 867
292 127
292 869
292 90
292 920
292 201
292 732
292 952
292 494
292 987
292 96
292 34
292 126
292 514
292 247
292 858
292 5
292 562
293 71
293 135
293 602
293 636
293 263
293 914
294 892
294 563
294 220
294 814
294 348
294 767
294 592
294 54
294 458
294 232
294 377
294 790
294 755
294 174
294 584
294 373
294 193
294 932
294 740
294 753
295 463
295 541
295 651
295 519
295 910
295 284
295 116
295 471
295 531
295 343
295 676
296 443
296 210
296 74
296 583
296 895
296 247
296 941
296 239
296 695
296 892
296 973
296 123
296 138
296 66
296 885
296 173
296 167
296 632
296 703
296 745
296 11
296 110
297 436
297 631
297 865
297 104
297 910
297 444
297 359
297 728
297 792
297 439
298 256
298 222
298 459
298 373
298 226
298 980
298 35
298 335
298 555
298 783
298 48
298 952
298 154
298 691
298 888
298 903
298 221
298 671
298 19
298 705
298 534
299 193
299 208
299 953
299 947
299 922
300 301
300 992
301 886
301 236
301 181
301 892
301 368
301 712
301 334
302 480
302 985
302 695
302 386
302 932
302 176
302 230
302 191
302 633
302 612
302 299
302 822
302 472
302 400
302 321
302 164
302 240
302 121
302 761
302 371
303 871
303 905
303 959
303 690
303 34
303 955
303 449
303 276
303 429
303 187
303 113
303 86
303 77
303 213
303 186
303 844
303 599
303 76
303 277
303 298
303 684
303 614
303 589
304 658
304 496
304 619
304 691
304 547
304 767
304 293
304 189
304 274
304 991
304 281
304 369
304 996
304 513
304 714
304 324
305 152
305 616
305 469
305 174
305 476
305 540
305 287
305 613
305 419
305 826
306 314
306 835
306 417
307 215
307 305
307 279
307 927
307 611
307 730
307 45
307 805
307 317
307 915
307 511
307 205
307 415
307 894
307 827
307 114
307 266
307 291
307 440
307 163
307 467
307 144
307 705
308 749
308 507
308 539
308 460
308 935
308 615
308 543
308 751
308 660
308 858
308 985
308 938
308 345
308 958
308 305
308 244
308 720
308 93
308 572
308 886
308 923
308 616
308 579
309 482
309 586
309 137
309 388
309 361
309 759
309 457
309 837
309 167
309 460
309 546
309 963
309 579
309 3
309 203
310 419
310 912
310 207
310 997
310 353
310 908
310 484
310 522
310 967
310 114
310 598
310 690
310 499
310 500
310 928
310 736
310 279
310 886
310 53
310 267
310 812
310 28
310 615
310 439
310 514
311 733
311 875
311 49
311 9
311 406
311 239
311 103
311 70
311 529
311 684
311 100
311 54
311 245
311 625
311 581
311 261
311 463
311 55
311 230
311 338
311 272
311 778
312 726
312 187
312 451
312 97
313 585
313 190
313 39
313 398
313 147
313 791
313 885
313 100
313 514
313 423
313 818
313 542
313 266
313 931
313 357
313 836
313 360
313 841
313 446
313 878
313 322
313 62
313 251
313 497
314 250
314 552
314 840
314 279
314 969
314 439
314 873
314 413
314 116
314 944
314 404
314 520
314 715
314 755
314 419
315 531
315 117
315 149
315 582
315 638
315 885
315 154
315 334
315 204
315 673
315 573
315 727
315 472
315 189
315 163
315 636
315 994
315 880
316 917
316 775
316 46
316 627
316 157
316 472
316 321
316 720
316 953
316 687
316 86
316 545
317 575
317 554
317 579
318 784
318 67
318 994
318 13
318 880
319 957
320 992
320 657
320 169
320 111
320 207
320 197
320 904
320 535
320 672
320 333
320 737
320 275
320 341
320 513
320 55
320 469
320 645
320 454
320 903
320 673
320 878
320 945
321 438
321 818
321 18
321 911
321 122
322 179
322 556
322 824
322 791
322 284
322 959
322 547
322 446
322 776
322 346
322 608
322 729
322 963
322 578
322 575
322 476
322 805
322 338
323 662
324 497
324 680
324 438
324 900
324 246
324 406
324 387
324 318
324 368
324 675
324 428
324 420
324 874
325 477
325 226
325 819
325 426
325 676
325 551
325 123
325 257
325 660
325 59
325 320
325 404
325 977
325 908
326 777
326 697
326 854
326 91
326 254
326 722
326 804
326 537
327 471
327 93
327 146
327 851
327 915
327 287
327 919
327 297
327 205
327 370
328 626
328 580
328 365
328 536
328 764
328 312
328 5
328 11
328 785
328 664
328 969
328 818
328 35
328 567
328 215
328 111
328 176
328 274
329 366
330 899
330 145
330 362
330 868
330 944
331 198
331 943
331 79
331 995
331 339
331 270
331 798
331 522
331 213
331 334
331 595
331 439
331 25
331 212
331 4
331 844
331 436
331 220
331 969
331 5
331 578
331 278
331 100
331 707
332 527
332 511
332 863
332 193
332 268
332 605
332 347
332 350
332 443
332 935
332 203
332 736
332 913
332 596
332 241
332 554
332 595
332 567
333 764
333 592
333 664
333 526
333 655
333 828
333 84
333 320
333 906
333 294
333 61
333 895
334 444
334 735
334 105
334 475
334 755
334 399
334 725
334 677
334 619
335 606
336 59
336 273
336 145
336 737
336 723
336 481
336 43
336 821
336 418
336 456
336 169
336 200
336 80
336 932
336 549
336 249
336 485
336 576
336 339
337 594
337 826
337 23
337 957
337 371
337 197
337 73
337 144
337 623
337 688
337 591
337 219
337 950
337 978
337 619
337 228
337 34
337 195
337 172
337 922
337 757
337 132
337 91
337 598
337 454
338 686
338 454
338 341
338 807
339 242
339 826
339 295
339 231
339 724
339 528
339 844
339 886
339 225
339 518
339 264
339 896
339 876
339 487
339 675
339 802
339 283
339 233
339 542
339 409
339 562
340 115
340 546
340 687
340 270
340 212
340 540
340 861
340 297
340 859
340 690
340 827
340 615
340 41
340 631
340 306
340 531
340 136
340 917
340 804
340 954
340 987
340 506
340 528
340 12
341 666
341 59
341 261
341 342
341 348
341 587
341 275
341 839
341 388
341 846
341 991
341 798
341 239
341 485
341 573
341 242
341 202
341 490
341 374
341 553
341 529
341 73
341 499
341 564
342 674
342 86
342 317
342 859
342 601
343 807
343 663
343 287
343 436
343 743
343 890
343 506
343 259
343 975
343 883
343 379
343 180
343 560
343 625
343 980
343 945
343 779
343 790
343 337
343 329
344 558
344 935
344 963
344 793
344 237
344 268
344 996
344 649
344 66
344 406
344 527
344 917
344 202
344 107
344 444
344 391
344 378
344 625
345 309
345 213
345 443
345 423
345 632
345 555
345 902
345 404
345 270
345 224
345 860
345 961
346 304
346 973
346 358
346 823
346 217
346 353
346 291
346 369
346 54
346 10
346 446
347 23
347 887
347 994
347 181
347 542
347 734
347 46
347 458
347 76
347 522
347 277
347 728
348 529
348 240
348 442
348 884
348 807
348 179
348 310
348 461
348 599
348 900
348 221
348 2
348 828
348 339
348 949
349 362
349 962
349 501
349 769
349 245
350 521
350 129
350 863
350 662
350 506
350 111
350 307
350 664
350 983
350 214
350 583
350 246
350 170
350 628
350 5
350 296
350 685
350 673
350 82
350 412
350 13
350 234
350 745
350 856
351 689
351 661
351 592
351 120
351 688
351 239
352 117
352 438
352 459
352 93
352 201
352 137
352 918
352 114
352 968
352 36
352 287
352 68
353 39
353 3
353 683
353 602
353 749
353 414
353 139
353 736
353 157
353 536
353 855
353 859
353 383
353 930
353 831
353 371
353 897
353 698
353 870
353 980
353 823
353 295
353 640
353 158
354 601
354 524
354 847
354 13
354 267
354 635
354 445
354 933
354 751
354 338
354 213
354 663
354 822
354 32
354 502
354 88
354 125
355 520
355 2
355 47
356 986
356 662
356 816
356 836
357 340
357 659
357 334
357 138
357 650
357 186
357 131
357 304
357 274
357 533
357 520
357 484
357 379
357 283
358 493
358 808
358 219
358 14
358 855
358 489
358 155
358 66
358 245
358 836
358 5
358 166
358 872
358 686
358 129
358 173
358 775
358 502
358 995
358 595
358 976
358 693
358 420
358 1
358 165
359 480
359 797
359 843
359 197
359 409
359 343
359 558
359 861
359 630
359 605
359 794
359 412
359 733
359 14
359 371
360 748
360 865
360 635
360 253
360 521
360 192
360 826
360 395
360 732
360 778
360 251
360 639
360 817
360 776
360 773
360 258
360 312
360 836
360 510
360 780
360 300
360 218
361 425
361 502
361 724
361 10
361 883
361 518
361 399
361 939
361 235
361 698
361 858
361 295
361 32
361 256
361 308
361 867
361 79
361 741
361 511
361 786
361 891
362 240
362 207
362 602
362 592
362 891
362 864
362 922
362 852
362 429
362 664
362 472
362 860
362 304
362 542
362 625
362 147
362 519
362 5
362 438
362 58
362 616
362 119
362 9
362 990
362 354
363 7
363 179
363 264
363 596
363 925
363 25
363 943
363 824
363 436
363 248
363 227
363 155
363 490
363 433
363 845
364 29
364 35
364 991
364 1
364 625
364 842
364 962
364 289
365 619
365 933
365 577
365 524
365 391
365 170
365 180
365 34
365 206
365 500
365 407
365 565
365 551
365 960
365 952
365 232
365 656
365 355
365 6
365 449
366 641
366 87
366 731
366 748
366 262
366 144
366 858
367 497
367 542
367 784
367 427
367 726
367 501
367 702
368 494
368 211
368 549
368 555
368 720
368 282
368 244
368 680
368 105
368 529
368 867
368 15
368 603
368 947
368 88
368 172
368 352
368 794
368 973
369 437
369 413
369 94
369 879
369 633
369 501
369 665
369 17
369 927
369 785
369 635
369 43
369 621
369 824
369 841
369 241
369 749
369 144
370 242
370 155
370 927
370 754
370 629
370 62
370 877
370 97
370 176
371 227
371 441
371 786
372 826
372 560
372 539
373 807
373 858
373 992
373 4
373 20
373 461
374 500
374 274
374 640
374 102
374 466
374 608
374 991
374 776
375 639
375 755
375 147
376 341
376 576
376 671
376 324
376 508
376 612
376 192
376 932
376 737
376 392
376 10
376 507
376 405
376 680
376 280
376 397
376 406
376 812
376 284
377 422
377 55
377 28
377 741
377 408
377 311
377 378
377 659
377 943
377 384
377 620
377 85
377 82
378 456
378 550
378 266
378 272
378 991
378 969
378 960
378 31
378 47
378 248
378 213
378 117
378 859
378 202
378 909
379 463
379 220
379 123
379 231
379 347
379 567
379 526
379 166
379 333
379 558
379 151
379 919
379 905
379 831
379 16
379 188
379 772
380 794
380 925
380 919
380 243
380 121
380 832
380 627
380 521
380 484
380 229
380 361
380 889
380 658
380 753
381 60
381 529
381 28
381 182
381 710
381 287
381 530
381 872
381 639
381 284
381 511
381 559
381 510
381 770
381 625
381 866
381 66
381 392
381 724
381 930
381 539
381 867
381 292
381 911
381 898
382 563
382 7
382 271
382 687
382 334
382 83
382 44
382 285
382 455
382 98
382 513
382 726
382 554
382 371
382 778
382 870
382 490
383 954
383 847
383 232
383 693
383 602
383 119
383 914
383 242
383 783
383 580
383 600
383 273
383 416
383 880
383 879
383 447
383 440
383 581
383 884
384 17
384 378
384 165
385 560
385 405
385 715
385 270
385 640
385 229
386 326
386 833
386 867
386 51
386 642
386 434
386 4
386 339
386 89
386 285
386 377
386 159
386 983
386 831
386 60
386 726
386 408
386 708
386 203
387 872
387 456
387 993
387 621
387 282
387 925
387 760
387 833
387 539
387 703
388 266
388 907
388 920
388 693
388 928
388 692
388 617
388 715
388 59
388 288
388 642
388 306
389 858
389 948
389 335
389 510
389 268
389 60
389 260
389 80
389 472
390 52
390 162
390 572
390 17
390 424
390 447
390 971
390 414
390 696
390 652
390 455
390 580
390 173
391 589
391 421
391 68
391 783
391 915
391 294
391 51
391 457
391 225
391 332
391 962
391 618
391 169
391 317
391 487
391 69
391 262
391 175
391 339
391 21
391 95
391 593
391 646
392 988
392 239
392 314
392 391
392 501
392 105
392 465
392 856
392 608
392 197
392 883
392 605
392 956
393 495
393 304
393 699
393 97
393 663
393 58
393 836
393 314
393 31
393 564
393 432
393 858
393 124
393 789
393 242
393 297
393 567
393 442
393 482
393 434
393 67
393 810
393 727
393 504
394 267
394 69
394 493
394 872
394 666
394 813
394 979
395 198
395 549
395 953
395 879
395 590
395 952
396 915
396 467
396 966
396 704
396 471
396 462
396 923
397 829
397 278
397 145
397 27
397 315
397 6
397 493
397 388
397 788
397 940
397 306
397 304
397 840
397 890
397 479
397 98
397 766
398 712
398 166
398 782
398 667
398 504
398 183
398 858
398 546
398 237
398 289
398 61
398 940
398 193
398 299
398 187
398 877
399 338
399 574
399 774
399 401
399 529
399 308
399 873
399 527
399 695
399 26
399 874
399 625
399 762
399 548
399 438
399 990
399 906
399 322
399 840
400 583
400 551
400 52
400 505
400 802
401 499
401 320
401 336
401 544
401 533
401 92
401 767
401 481
401 36
401 93
401 405
401 361
401 541
401 470
401 263
401 148
401 795
401 22
402 800
402 599
402 127
402 291
402 583
402 451
402 978
402 565
402 847
402 358
402 484
402 511
402 710
402 43
403 56
403 656
403 826
403 438
403 653
403 804
403 684
403 901
403 734
403 539
403 377
403 758
403 754
403 923
403 282
403 726
404 893
404 462
404 762
404 189
404 520
404 120
404 936
405 837
405 844
405 321
405 357
405 185
405 494
405 290
405 859
405 813
405 82
405 775
405 718
406 331
406 948
406 620
406 738
406 793
406 333
406 591
406 310
406 441
406 845
406 499
406 59
406 534
407 328
407 729
407 949
407 152
407 9
407 893
407 144
407 335
407 845
407 879
407 318
407 8
407 745
407 306
407 916
407 908
407 648
407 975
407 180
407 359
407 923
408 163
408 82
408 643
408 694
408 329
408 876
408 494
408 769
409 527
409 408
409 18
409 377
409 703
409 81
409 538
409 748
409 743
409 134
409 733
409 175
409 604
409 296
409 324
410 928
410 424
410 506
410 165
410 328
410 589
410 420
410 207
410 245
410 973
411 732
411 422
411 946
411 551
411 679
411 514
411 218
411 328
411 965
411 661
411 14
411 296
411 1
411 908
411 892
411 445
411 518
411 173
411 340
411 186
411 237
412 551
412 410
412 74
412 889
412 156
412 920
412 281
412 426
412 278
412 395
412 772
412 272
412 433
412 924
412 776
412 216
413 988
413 349
413 784
413 448
413 993
413 502
413 491
413 501
413 785
413 469
413 427
413 366
413 883
413 674
413 380
413 898
413 585
413 377
413 973
413 429
413 157
413 182
413 595
413 418
414 483
414 786
414 543
414 280
414 288
414 308
414 629
414 833
414 499
414 211
414 348
415 877
415 785
415 36
415 422
415 519
415 819
415 128
415 351
415 813
415 998
415 177
415 990
415 243
415 756
415 429
415 897
415 931
415 417
415 638
415 981
415 576
416 6
416 305
417 473
417 458
417 805
417 91
417 503
417 371
417 670
417 74
417 679
417 84
417 827
417 461
417 662
417 492
417 629
417 763
417 45
417 665
417 857
417 257
417 218
417 300
417 395
417 129
418 584
418 386
418 25
418 81
418 863
418 67
418 119
418 548
418 192
418 380
418 677
418 815
418 400
418 138
418 390
418 616
418 516
418 580
418 247
418 389
418 108
418 266
419 257
419 677
419 684
419 729
419 718
419 173
419 22
419 874
419 641
420 65
420 874
420 532
420 988
420 805
420 790
420 90
420 476
420 328
420 813
420 100
420 798
420 848
420 576
420 400
420 818
420 822
420 259
420 79
421 135
421 914
421 775
421 140
421 671
421 603
421 538
421 30
421 253
421 859
421 865
422 728
422 791
422 524
422 994
422 972
422 557
422 32
422 881
423 53
423 807
423 113
424 858
425 101
425 552
425 83
425 459
425 819
425 448
425 242
425 807
425 580
425 211
425 304
425 295
425 286
425 61
425 835
425 396
425 775
425 132
426 241
426 785
426 433
426 116
426 824
426 812
426 849
426 226
426 383
426 448
426 150
426 758
427 839
427 663
427 592
427 679
427 99
427 629
427 350
427 743
427 76
427 816
427 978
427 942
427 803
428 965
428 293
428 445
428 142
429 208
429 139
429 486
430 374
430 998
430 522
430 256
430 570
430 722
430 64
430 680
430 769
430 82
430 852
430 116
431 552
431 876
431 740
431 188
431 688
431 320
431 763
431 248
431 339
431 568
432 161
432 332
432 684
432 933
432 749
432 727
432 674
432 679
432 530
432 920
432 297
432 30
432 329
432 559
433 581
433 546
433 405
433 851
433 136
433 16
433 685
433 401
433 788
433 35
433 379
433 630
433 588
433 79
433 860
433 605
433 375
433 811
434 54
434 216
434 528
434 709
434 3
435 603
435 518
435 963
435 141
435 685
435 2
435 281
435 731
435 640
435 72
435 478
435 978
435 824
435 525
435 666
435 369
435 760
435 747
435 52
435 988
435 114
435 154
435 363
435 22
436 81
437 912
437 576
437 82
437 118
437 647
437 904
437 665
437 843
437 874
437 819
438 88
438 676
438 22
439 937
439 360
439 684
440 165
440 310
440 644
440 255
440 167
440 186
440 780
440 536
440 9
440 385
440 731
441 752
441 320
441 768
441 587
442 204
442 373
442 237
442 820
442 120
442 241
442 642
442 132
443 680
443 951
443 295
443 601
444 835
444 606
444 690
444 587
444 998
444 460
444 56
444 305
444 411
445 963
445 811
445 245
445 224
445 344
445 380
445 712
445 74
445 855
445 836
445 958
445 676
445 617
445 257
445 740
446 803
447 209
447 954
447 988
447 747
447 372
447 461
447 301
447 587
447 859
447 947
447 436
447 122
447 673
447 912
447 131
447 261
447 337
447 679
447 111
447 257
447 473
447 975
447 43
448 331
448 370
448 783
448 616
448 231
448 757
448 27
448 214
448 693
448 327
448 56
448 771
448 379
449 700
449 515
449 322
449 138
449 93
449 925
450 322
450 862
450 303
450 29
450 98
450 623
450 255
450 185
450 166
450 119
450 841
450 592
450 99
450 818
450 820
450 324
451 398
451 921
451 595
451 675
451 514
451 188
451 603
451 707
451 763
451 79
451 96
451 974
451 219
451 509
451 696
451 755
451 987
451 71
451 798
451 585
451 61
451 237
451 583
452 338
452 825
452 878
452 186
452 701
452 969
453 793
453 728
453 77
453 537
453 809
453 490
453 640
453 823
453 440
453 70
453 376
453 485
453 655
453 958
453 244
453 854
453 359
453 765
453 482
453 563
453 991
453 937
454 73
454 685
454 693
454 487
454 985
454 859
454 456
454 704
454 154
454 304
454 558
454 31
454 21
454 574
454 564
455 166
455 270
455 500
455 712
455 233
455 58
455 146
455 818
455 327
455 669
455 353
455 982
455 333
455 492
455 321
455 173
455 941
455 550
455 850
455 510
456 381
456 353
456 544
456 273
456 736
457 702
457 467
457 142
457 799
457 1
457 721
457 477
457 372
457 262
457 877
457 145
457 59
457 482
457 828
457 564
457 639
458 867
458 98
458 488
458 118
458 559
458 20
458 540
458 590
458 592
458 532
458 551
458 479
458 880
458 85
458 463
458 204
458 773
458 976
458 826
459 87
459 746
459 845
459 868
459 275
459 545
459 646
459 420
459 914
459 400
459 648
459 683
459 878
459 832
459 423
459 562
460 378
460 798
460 663
460 745
460 574
460 36
460 917
460 717
460 994
460 434
460 806
460 189
460 308
460 193
460 506
460 787
461 725
461 286
461 715
461 688
461 918
461 899
461 204
462 201
462 954
462 388
462 712
462 689
462 379
462 549
462 920
462 919
462 69
462 612
462 824
462 368
463 45
463 97
463 67
463 36
463 629
463 719
463 930
463 557
463 604
463 194
463 895
463 784
463 129
463 737
463 785
463 875
463 564
463 750
463 476
463 808
463 10
463 82
463 113
464 294
464 195
464 174
464 150
464 453
464 409
465 192
465 23
465 653
465 137
465 898
465 676
465 909
465 261
465 164
465 693
465 358
465 118
465 566
465 39
465 965
465 916
465 385
465 700
466 518
466 412
466 823
466 894
466 592
466 657
466 533
466 705
466 857
466 556
466 83
466 663
466 311
466 937
466 863
466 89
466 289
466 315
466 72
466 887
466 734
466 13
466 121
466 650
466 607
467 527
467 867
467 182
467 518
468 422
468 821
468 523
468 804
468 571
468 58
469 893
469 726
469 368
469 239
469 275
469 847
469 882
469 227
469 897
469 74
469 300
469 890
469 765
469 943
469 177
469 609
469 978
469 714
470 104
470 26
470 194
470 94
470 683
470 684
470 631
470 815
470 494
470 246
470 949
470 661
470 764
470 185
470 559
470 896
470 386
470 157
470 863
470 38
471 85
471 764
471 652
471 736
471 484
471 8
471 57
471 323
471 936
471 498
471 585
471 449
471 341
471 2
471 62
472 946
472 734
473 306
473 424
473 575
473 512
473 57
473 428
473 563
473 752
473 932
473 25
473 214
473 465
473 723
473 390
473 472
473 679
473 943
473 852
474 207
474 690
474 224
474 624
474 178
474 961
474 568
474 397
474 817
475 95
475 512
475 106
475 714
475 326
475 707
475 848
475 169
475 684
475 39
475 667
475 670
475 221
475 842
475 135
475 380
475 162
475 775
475 977
475 168
475 103
475 689
475 685
475 830
476 780
476 797
476 373
476 599
476 510
476 485
476 708
476 490
476 252
476 22
476 50
476 139
476 427
476 63
476 884
476 515
476 151
476 127
476 243
476 809
476 362
476 888
476 851
476 111
477 710
477 460
478 811
478 737
478 294
478 803
478 627
478 903
478 988
478 740
479 910
479 627
479 868
479 113
479 378
479 575
479 316
479 15
479 715
479 186
480 743
480 354
480 83
480 675
480 28
480 544
480 680
480 811
480 560
480 290
480 59
480 834
480 927
480 27
480 7
480 649
480 885
481 139
481 372
481 421
481 660
481 451
481 516
481 638
481 584
481 154
481 114
481 567
481 795
481 853
481 583
481 963
481 111
481 891
481 177
481 380
481 6
481 104
481 575
481 823
481 655
481 255
482 861
482 462
482 884
482 851
482 176
482 434
482 718
482 398
482 8
482 150
482 158
483 822
483 288
484 752
484 92
484 361
484 629
484 407
484 764
484 566
484 329
484 570
484 676
484 295
484 717
484 616
484 733
484 344
484 926
485 636
485 600
485 132
485 439
485 521
485 309
486 929
486 515
486 697
486 182
486 838
487 179
487 609
487 488
487 913
487 670
487 225
487 768
487 607
487 515
487 565
487 347
487 769
487 340
487 431
487 638
487 811
487 985
487 984
487 26
487 808
487 967
487 289
487 926
487 170
487 827
488 871
488 263
488 771
489 526
489 158
489 221
489 885
489 422
489 90
489 622
490 117
490 588
490 283
490 706
490 547
490 297
490 762
490 904
490 648
490 206
490 959
490 857
490 241
490 365
491 44
491 134
491 15
492 406
492 150
492 424
492 886
492 729
492 141
492 365
492 15
492 827
492 96
492 579
492 388
492 335
492 545
492 4
492 987
492 589
492 749
492 816
492 242
492 677
493 19
493 632
494 283
494 151
494 601
494 217
494 435
494 349
495 763
495 990
495 67
495 328
495 593
495 850
495 66
495 242
495 919
495 517
496 598
496 433
496 705
497 635
497 508
497 714
497 613
497 712
497 753
497 818
497 176
497 646
497 393
497 227
497 8
497 822
498 459
498 60
498 783
498 973
498 366
498 739
498 203
498 472
498 383
498 265
498 219
498 617
498 570
498 164
498 423
498 111
498 713
499 885
499 930
499 145
499 393
499 311
500 225
500 373
500 259
500 515
500 693
500 55
500 142
500 945
500 441
500 3
500 486
500 902
500 861
500 823
500 527
500 585
500 357
500 152
500 637
500 842
500 333
500 76
500 134
500 663
501 325
501 784
501 596
501 638
501 60
501 356
501 247
501 242
501 591
501 472
501 376
501 347
501 992
501 163
501 680
501 104
501 919
501 339
501 414
501 970
502 944
502 676
502 885
502 830
502 167
502 386
502 656
502 38
502 95
502 10
502 597
502 487
502 264
502 623
502 411
502 455
502 208
502 788
502 569
502 469
502 587
502 601
502 482
502 410
502 491
503 567
503 494
503 24
503 406
503 971
503 661
503 555
503 765
504 796
504 394
504 49
504 666
504 838
504 574
504 811
504 786
504 935
504 899
504 252
504 312
505 336
505 536
505 116
505 602
505 377
505 230
505 6
505 972
505 110
505 417
505 552
505 960
505 398
505 12
505 996
505 974
505 489
505 323
505 120
505 199
505 790
505 918
505 718
505 879
506 412
506 656
506 217
506 721
506 763
506 154
506 13
506 322
506 843
506 447
506 715
506 485
506 524
506 342
506 557
506 439
506 845
506 355
507 301
507 750
507 171
507 994
507 82
507 957
507 609
507 820
507 64
507 784
507 458
507 5
507 382
507 185
507 677
507 730
507 136
507 255
507 366
507 680
507 925
507 806
507 574
507 973
507 213
508 110
508 671
508 1
508 823
508 535
508 382
508 515
508 109
508 772
508 264
508 760
508 351
509 403
509 233
509 869
509 184
509 629
509 251
509 760
509 983
509 293
509 836
509 2
510 509
510 908
510 340
510 644
510 991
510 753
510 483
511 199
511 633
511 595
511 766
511 561
511 582
511 420
511 301
511 262
511 847
511 689
511 755
511 239
511 726
511 944
511 30
511 21
512 144
512 800
512 483
512 728
512 695
512 488
512 529
512 750
512 248
512 674
512 231
512 311
512 490
513 789
513 793
513 544
513 951
513 703
513 921
513 358
513 641
513 560
513 315
513 937
513 8
513 522
513 675
513 844
513 227
513 596
513 831
513 87
513 156
514 208
514 137
514 622
514 274
515 608
515 667
515 687
515 303
515 266
515 649
515 388
515 811
515 141
515 990
515 169
515 1
515 523
515 295
515 581
515 897
516 541
516 529
516 286
516 908
516 641
516 200
516 479
516 952
516 45
516 340
516 465
516 819
516 395
516 673
516 268
516 399
516 201
516 23
517 399
517 625
517 819
517 539
517 926
517 581
517 110
517 423
517 912
517 941
517 209
517 586
517 939
517 18
517 191
517 979
517 666
517 725
517 588
517 120
517 889
517 94
517 657
518 403
518 303
518 650
518 98
518 210
518 619
518 601
518 361
518 231
518 408
518 751
518 856
518 903
518 666
518 741
518 613
519 892
519 969
520 635
520 127
520 483
520 929
520 472
520 826
520 339
520 551
520 58
521 633
521 889
521 67
521 878
521 959
521 921
521 92
522 715
522 141
522 44
522 739
522 934
522 893
522 212
522 570
522 572
522 863
522 172
522 478
522 688
522 236
522 181
522 180
522 275
522 944
522 487
522 640
522 265
522 13
523 665
523 814
523 58
523 725
523 626
523 730
523 972
523 907
523 382
523 271
523 793
523 953
523 571
523 539
524 375
524 295
524 961
524 137
524 702
524 285
524 299
524 899
524 147
524 194
524 838
524 111
524 883
524 608
524 645
524 771
524 499
524 419
524 438
525 13
525 533
525 462
525 703
525 121
525 502
525 940
525 763
525 15
525 802
525 781
525 897
525 259
525 761
525 507
525 692
525 992
525 301
525 841
525 372
525 455
525 515
525 31
525 142
525 182
526 318
527 896
527 991
527 954
527 312
527 861
527 574
527 212
527 293
527 912
527 705
527 116
527 525
527 186
527 927
528 558
528 121
528 527
528 653
528 26
528 765
528 786
528 467
528 729
528 491
528 596
528 208
528 913
528 650
528 371
528 587
528 14
528 639
528 452
528 147
528 732
528 169
529 311
529 184
529 239
529 209
529 348
529 237
530 133
530 574
530 298
530 483
530 334
530 958
530 138
530 474
530 680
530 867
530 566
530 506
530 43
530 156
530 541
530 552
530 207
530 53
530 647
530 330
531 878
531 205
531 926
531 281
531 622
531 698
531 604
531 744
531 626
531 221
531 239
531 653
531 763
531 439
531 910
532 700
532 106
532 382
532 548
532 388
532 500
532 142
532 563
532 801
532 236
532 862
532 405
532 488
532 680
532 771
532 473
532 88
532 67
532 96
532 766
533 197
533 676
533 209
533 422
533 330
533 957
533 544
533 512
533 459
533 662
533 653
533 407
533 63
533 350
533 625
533 388
533 351
533 302
533 657
533 508
533 897
533 78
533 903
534 201
534 203
534 377
534 904
534 729
534 691
534 745
534 3
534 476
534 662
535 692
535 884
535 710
535 465
535 686
535 760
535 920
535 654
535 656
535 73
535 67
535 357
535 495
535 725
535 224
535 147
535 365
535 63
535 632
535 255
535 5
535 542
535 950
536 723
536 147
536 351
536 357
536 756
536 628
537 859
537 644
537 286
537 222
537 350
537 672
537 291
537 742
537 85
537 845
537 528
537 797
538 405
538 366
538 587
538 410
538 125
538 684
538 829
538 149
539 63
539 351
539 377
539 633
540 890
540 171
540 302
540 851
540 918
540 819
540 936
540 663
540 614
540 155
541 539
541 896
541 328
541 380
541 626
541 704
541 944
541 105
541 740
541 720
541 920
541 228
541 212
541 875
541 526
541 864
541 958
541 963
541 565
542 252
542 568
542 635
543 118
543 589
543 100
543 759
543 519
543 883
543 247
543 8
543 831
543 850
543 441
543 270
543 168
543 928
543 534
544 701
544 531
544 98
544 14
544 405
544 84
544 90
544 998
544 609
544 497
544 825
544 118
545 245
545 460
545 156
545 111
545 8
545 715
545 668
545 375
545 128
545 684
545 648
545 33
545 87
545 167
546 388
546 971
546 684
546 655
546 547
546 372
546 799
547 939
547 620
547 127
547 899
547 375
547 856
547 209
547 714
547 345
547 642
547 429
547 993
547 319
547 191
547 808
547 689
547 585
547 781
547 214
548 245
548 807
548 555
548 868
548 210
548 252
548 422
548 265
548 53
548 673
549 695
549 911
549 87
549 616
549 987
549 185
549 502
549 27
549 61
550 972
550 397
550 165
550 72
550 42
550 594
550 369
550 360
551 365
551 977
551 42
551 482
551 514
551 940
551 802
551 159
551 336
551 503
551 45
551 737
551 423
551 150
551 535
551 91
551 3
551 809
551 170
551 636
551 921
551 616
551 175
551 511
551 639
552 206
552 386
552 22
552 928
552 568
552 287
552 152
552 875
552 32
552 495
552 529
552 269
552 91
552 210
552 985
552 684
552 837
552 259
552 103
552 603
552 598
552 743
552 609
553 301
553 930
553 910
554 251
554 990
554 235
554 575
554 533
554 538
554 647
554 524
554 300
554 98
554 30
554 332
554 361
554 857
554 837
555 668
556 406
556 645
556 731
556 711
556 420
556 515
556 942
556 108
556 827
556 571
556 424
556 531
556 79
556 197
556 386
556 809
556 904
556 817
556 750
556 52
557 420
557 440
557 955
558 175
558 654
558 653
558 1000
558 360
558 342
558 853
558 322
558 269
558 120
558 695
558 164
558 596
558 7
558 995
558 629
558 477
558 184
558 453
558 288
559 367
559 234
559 806
559 801
559 665
559 161
560 366
560 598
560 107
560 899
560 958
560 8
560 148
560 867
560 806
560 519
560 612
560 543
560 375
560 233
560 825
560 586
560 553
560 344
560 525
560 322
560 942
560 740
560 889
560 6
561 545
561 958
561 638
561 904
561 325
561 838
561 130
561 104
561 974
561 728
561 56
561 954
561 940
561 352
561 833
561 669
561 279
561 29
561 80
561 73
561 374
561 700
561 743
561 944
561 827
562 256
562 589
562 79
562 434
563 854
563 511
563 881
563 13
563 613
564 312
564 450
564 878
564 550
564 556
564 90
564 819
564 911
564 247
564 128
564 175
564 230
564 92
564 711
564 463
564 698
564 854
564 640
564 830
564 354
564 986
565 638
565 152
565 271
565 373
565 5
565 161
565 283
565 509
565 54
565 726
565 64
565 40
565 770
565 195
565 39
565 620
565 745
566 567
566 372
566 559
566 743
566 260
566 240
566 35
566 387
566 25
567 839
567 777
567 410
567 787
567 326
567 940
567 165
567 580
567 896
567 140
567 566
568 71
568 100
568 622
568 948
568 212
568 808
568 529
568 918
568 963
568 58
569 782
569 542
569 647
569 977
569 869
570 591
570 653
570 385
570 261
570 299
570 513
570 529
571 122
571 52
571 529
571 200
571 196
572 381
572 254
572 462
572 654
572 390
572 988
572 46
572 937
572 861
572 835
572 503
572 913
572 677
572 606
572 620
572 631
572 497
572 508
572 959
572 124
572 284
572 896
573 624
573 756
573 557
573 835
573 96
574 505
574 777
574 552
574 518
574 807
574 27
574 985
574 719
574 480
574 385
574 744
574 190
574 485
574 893
574 386
574 793
574 370
574 506
574 37
574 47
574 753
574 6
574 838
574 265
575 176
575 498
575 52
575 712
575 694
575 738
575 339
576 493
576 458
576 860
576 71
576 176
576 898
576 780
576 113
576 388
576 56
576 272
576 310
576 765
576 496
576 349
576 487
576 190
576 301
576 52
576 344
576 239
576 393
577 756
577 226
577 843
577 474
577 962
577 785
577 891
577 986
578 685
578 173
578 556
578 721
578 396
578 800
578 662
579 357
579 98
579 564
579 374
579 824
580 709
580 981
580 192
580 450
580 987
580 240
580 525
580 559
580 41
580 511
580 59
580 600
581 963
582 743
582 2
582 136
582 415
583 420
583 438
583 283
584 220
584 762
584 443
584 819
584 431
584 815
584 687
584 438
585 70
585 314
585 616
585 648
585 519
585 203
585 644
585 498
585 375
585 430
585 494
585 173
585 506
586 129
586 642
586 904
586 153
586 841
586 106
587 695
587 948
587 832
587 89
588 773
588 71
588 735
588 283
588 26
588 49
588 523
588 638
588 885
588 254
588 60
588 928
588 56
588 120
588 358
588 79
588 838
588 839
588 559
588 866
589 68
589 361
589 366
589 147
589 618
589 953
589 96
589 94
589 90
589 20
589 691
589 498
590 127
590 928
590 364
590 697
590 844
590 303
590 906
590 735
590 657
591 88
591 964
591 900
591 563
591 813
591 344
591 510
591 866
591 283
591 595
591 823
591 282
591 845
592 571
592 532
592 107
593 384
593 977
593 166
593 264
593 248
593 1
593 894
593 753
593 319
593 89
593 676
593 428
593 798
593 876
594 85
594 203
594 678
594 698
594 841
594 887
594 673
594 27
594 485
594 465
595 627
595 150
595 136
595 703
595 302
595 859
595 497
595 278
595 668
595 628
595 646
595 746
595 807
595 596
595 814
595 943
595 662
595 230
595 382
595 750
596 292
596 400
596 271
596 908
596 806
596 133
596 415
596 14
596 797
596 628
596 71
596 11
596 650
596 724
596 749
596 283
596 82
596 81
596 786
596 272
597 634
597 365
597 803
597 705
597 685
597 753
597 219
598 703
598 128
598 673
598 290
598 733
598 379
598 431
598 106
598 491
598 125
598 551
598 211
598 34
598 57
598 364
598 723
598 52
598 49
599 873
599 462
599 804
599 680
599 582
599 531
599 375
599 154
599 150
599 28
599 122
599 880
599 497
599 397
600 922
600 633
600 264
600 118
600 411
600 630
600 848
600 105
600 933
600 468
600 677
600 877
600 445
600 125
600 521
600 992
600 289
600 102
600 313
600 568
600 345
600 21
600 439
600 142
601 474
601 71
601 94
601 161
601 168
601 646
601 470
602 202
602 404
602 126
602 46
602 895
602 998
602 242
602 607
602 550
602 924
602 183
602 314
602 995
602 948
602 357
602 109
602 907
602 536
602 204
602 980
602 235
602 764
603 90
603 821
603 464
603 14
603 801
603 843
603 22
603 176
603 506
603 313
603 104
603 398
603 54
603 47
604 991
604 575
604 509
605 331
605 438
605 784
605 878
605 699
605 508
605 599
605 433
605 36
605 390
605 834
605 475
605 818
605 402
605 615
605 451
605 187
605 754
605 704
605 607
605 946
605 231
605 796
605 29
606 301
607 141
607 30
607 106
607 71
607 673
607 981
607 295
607 184
607 364
607 384
608 484
608 346
608 584
608 711
608 976
608 916
608 597
608 679
608 3
608 937
608 105
608 40
608 574
608 154
608 243
608 988
608 729
608 277
608 980
608 540
608 433
608 624
609 43
609 675
609 775
609 284
609 458
609 544
609 714
609 134
609 509
609 144
609 759
609 650
609 268
609 704
609 907
609 970
609 685
609 869
609 898
609 266
609 34
610 1000
610 365
610 141
610 222
610 289
610 312
610 748
610 902
610 491
610 295
610 100
610 480
610 75
611 103
611 390
611 77
611 198
611 392
611 298
611 409
611 524
611 438
611 108
611 20
611 388
611 158
611 532
611 433
611 302
611 650
611 199
611 555
611 26
611 799
611 651
611 852
612 687
612 195
612 516
612 389
612 136
612 962
612 360
612 320
612 260
612 669
612 206
612 750
612 569
612 302
612 376
612 988
612 896
612 461
612 30
613 578
613 402
613 323
613 695
613 465
613 150
613 714
613 480
613 922
613 688
613 74
613 95
613 85
613 34
614 519
614 456
614 211
614 290
614 987
614 806
614 818
614 552
614 508
615 105
615 799
615 966
615 860
615 614
616 78
616 195
616 605
616 762
616 38
616 652
616 407
616 483
616 581
616 154
616 559
616 755
616 472
616 693
616 347
616 591
616 196
616 270
616 243
616 271
616 98
616 400
616 277
616 55
617 713
617 354
617 85
617 694
617 92
617 440
617 176
618 356
618 414
618 722
618 705
618 904
618 380
618 196
619 64
619 111
619 794
619 198
619 458
619 486
619 966
619 784
619 789
619 214
619 409
619 425
619 504
619 422
619 764
619 108
619 77
619 147
619 275
619 991
619 570
619 445
619 352
619 179
620 509
620 588
620 187
620 125
620 682
620 346
620 906
621 373
621 664
621 261
621 361
621 185
621 584
621 268
621 767
621 117
621 548
621 148
621 214
622 221
622 245
622 586
623 130
623 887
623 849
623 585
623 551
623 920
624 402
624 124
624 748
624 657
624 742
624 703
624 966
624 247
625 837
625 9
625 10
625 550
625 71
625 562
625 819
625 797
625 862
625 199
625 542
625 915
626 619
626 281
626 109
626 656
626 388
626 526
626 613
626 790
627 795
627 299
627 964
627 486
627 882
627 13
627 902
627 490
627 643
627 675
627 99
627 175
627 227
627 624
627 670
627 639
627 328
627 295
627 243
627 35
627 697
627 34
627 53
628 284
628 259
628 626
628 825
628 812
628 754
628 491
628 337
628 631
628 565
628 281
628 519
628 450
628 600
628 83
628 391
628 843
629 456
629 845
629 217
629 315
629 80
629 960
629 614
629 165
629 756
629 673
629 54
629 207
629 690
629 922
629 664
629 172
629 431
629 808
629 204
629 286
629 76
629 1
629 252
629 240
630 935
630 516
630 913
630 12
630 370
630 909
630 919
631 343
631 909
631 94
631 787
631 7
631 152
631 396
631 15
632 702
632 874
632 520
632 751
632 303
632 354
632 880
632 563
632 555
632 493
632 69
632 924
632 7
632 477
632 189
632 523
632 711
632 887
632 576
632 603
632 450
632 864
633 137
633 56
633 18
633 773
633 24
633 547
633 57
633 535
633 636
633 817
633 930
633 48
633 150
633 152
633 938
633 766
633 5
633 29
633 200
634 556
634 190
634 389
634 580
634 353
634 954
634 106
634 867
634 445
634 622
634 777
634 14
634 22
634 264
634 498
634 423
634 223
634 969
635 764
636 654
636 843
636 15
636 830
636 637
636 616
636 907
636 505
636 364
636 72
636 685
636 534
637 413
637 169
637 776
637 538
638 470
638 5
638 961
638 106
638 429
638 670
638 885
638 709
638 767
638 983
638 564
638 391
638 503
638 370
638 916
638 570
638 761
639 77
639 635
639 501
639 892
639 763
639 463
639 350
639 351
639 531
639 497
640 825
640 234
640 149
641 890
641 432
641 754
641 497
641 753
641 358
641 833
641 245
641 349
642 623
642 680
642 679
642 256
643 215
643 631
643 961
643 943
643 257
643 566
643 116
643 675
643 482
643 56
643 184
643 517
643 443
643 362
643 938
643 970
643 498
643 611
643 565
644 437
644 508
644 598
644 32
644 251
644 336
644 646
644 845
644 915
644 537
644 23
644 161
644 357
644 631
644 98
644 712
644 366
644 583
644 529
644 481
644 183
644 109
644 702
645 378
645 991
645 833
645 519
645 897
645 696
645 482
645 131
645 810
645 820
645 188
645 753
645 500
645 438
645 343
645 759
646 460
646 382
646 330
646 190
646 61
646 705
646 496
646 858
646 396
646 695
646 235
646 941
646 212
646 114
646 458
646 559
646 957
646 289
646 481
646 173
646 64
646 304
646 697
646 662
646 157
647 988
647 292
647 894
647 595
647 360
647 930
647 529
647 832
647 957
647 757
647 598
647 787
648 24
648 63
648 964
648 371
648 344
648 951
648 252
648 602
648 132
648 705
648 888
648 937
648 360
648 650
649 931
649 405
649 980
649 142
649 657
649 947
649 239
649 463
649 825
649 806
649 540
650 226
650 454
650 722
651 256
651 218
651 611
651 534
651 45
651 834
651 214
651 957
651 576
651 705
651 694
651 889
651 739
651 901
651 363
651 437
651 533
651 734
651 978
651 18
651 698
651 748
651 655
652 398
652 132
652 143
652 351
652 64
652 126
652 900
653 174
653 957
653 471
653 599
653 664
653 205
653 457
653 7
653 431
653 327
653 179
653 700
654 258
654 43
654 483
654 84
654 44
654 235
654 675
654 631
654 695
654 600
654 239
654 61
654 65
654 350
654 325
654 303
654 725
654 476
654 788
655 63
655 487
655 406
655 673
655 849
655 937
655 337
655 414
655 169
655 294
655 921
655 417
655 859
655 740
655 356
655 190
655 619
655 519
655 238
655 726
656 132
656 679
656 302
656 87
656 878
656 986
656 646
656 846
656 720
656 431
656 440
656 663
656 831
656 701
656 821
657 652
657 679
657 568
657 885
657 208
657 388
657 238
657 586
657 204
657 499
657 237
657 374
658 894
658 914
658 919
658 820
658 793
658 112
658 433
658 831
658 604
658 860
658 210
659 841
659 231
659 264
659 840
659 417
659 486
659 287
659 670
659 805
659 820
659 190
659 409
660 567
660 757
660 880
660 667
660 352
660 192
660 999
660 947
660 602
660 516
660 671
660 56
660 877
660 520
660 359
660 665
660 557
660 88
660 650
660 408
660 115
660 656
660 601
660 272
660 276
661 47
661 200
661 414
661 443
661 588
662 182
662 736
662 373
662 799
662 141
662 851
662 660
662 166
662 540
662 148
662 914
662 304
662 104
662 859
662 850
662 709
662 612
662 204
662 506
663 856
663 470
663 606
663 715
663 92
663 157
663 535
663 161
663 600
663 492
663 707
663 628
663 703
663 34
663 270
663 19
663 888
664 662
664 81
664 701
664 592
664 350
664 387
664 637
664 304
664 217
664 811
664 556
664 173
664 410
664 963
664 374
665 17
665 337
665 93
665 780
665 232
665 567
665 8
665 642
665 996
665 917
665 750
665 894
665 817
665 942
665 636
665 301
665 143
665 922
666 168
666 424
666 383
666 675
666 591
666 422
666 678
666 855
666 826
666 831
666 718
666 381
667 694
667 173
668 238
668 317
668 34
668 624
668 176
668 47
668 763
668 189
668 200
668 938
668 825
669 357
669 957
670 716
670 621
670 352
670 824
670 76
670 136
670 929
670 421
670 221
670 901
670 774
670 541
670 355
670 360
670 529
670 403
670 799
670 399
670 49
671 768
671 475
671 292
671 300
671 798
671 619
671 782
672 819
672 44
672 515
672 674
672 897
672 53
672 842
672 850
672 889
672 603
672 987
672 683
672 953
672 211
672 705
672 453
672 320
672 930
672 562
672 536
673 423
673 938
673 343
673 496
673 132
673 331
673 914
673 275
673 965
673 896
673 21
673 982
673 137
673 615
673 918
673 742
673 966
673 766
673 962
673 232
673 436
673 684
674 416
674 103
674 959
674 307
675 813
675 700
675 111
675 421
675 326
675 875
675 342
675 446
675 760
675 380
675 97
675 336
675 284
675 146
675 327
675 835
675 274
675 357
675 109
676 771
676 271
676 192
676 156
676 981
676 267
676 150
676 994
676 312
676 629
676 263
676 829
676 108
676 302
676 886
676 119
676 1000
676 800
676 672
676 366
676 546
676 303
676 920
676 530
676 62
677 212
677 303
677 63
677 436
677 437
677 91
677 37
677 190
677 187
677 412
677 599
677 453
677 55
677 779
677 50
677 859
677 403
678 253
678 830
678 831
678 23
678 108
678 797
678 888
678 380
678 908
678 79
678 876
678 975
678 635
678 268
678 411
678 67
678 544
678 774
678 758
678 417
679 909
679 619
679 468
679 328
679 358
679 559
680 537
680 536
681 960
681 546
681 104
681 420
681 595
681 327
681 357
681 164
681 617
681 935
681 144
681 350
682 906
682 431
682 826
682 893
682 830
682 810
682 221
682 352
682 876
682 900
682 55
682 295
682 966
682 361
682 749
683 180
683 605
683 622
683 514
683 660
683 959
683 510
683 670
683 967
684 939
684 207
684 589
684 105
684 454
684 25
684 704
684 461
684 811
684 907
684 31
684 624
684 607
684 823
684 915
684 799
684 290
684 936
685 623
685 355
685 305
686 736
686 694
686 534
686 632
686 195
686 321
686 762
686 284
686 521
686 573
686 719
686 42
686 51
686 216
686 79
686 170
687 314
687 503
687 857
687 796
687 61
687 510
687 174
687 211
687 226
687 270
687 677
688 828
688 917
688 120
688 888
688 502
688 827
688 999
688 514
688 435
688 219
689 225
689 524
689 578
689 264
689 185
689 1000
689 656
689 303
689 367
689 776
689 777
689 230
689 313
689 899
689 534
689 42
689 291
689 150
689 98
689 147
689 325
690 224
690 842
690 510
690 254
690 608
690 120
690 300
690 576
690 296
690 290
690 859
690 991
690 511
690 832
690 952
691 206
691 789
691 568
691 822
691 522
691 659
691 952
691 706
691 627
691 119
691 555
691 64
691 414
691 317
691 436
691 973
691 703
691 26
691 611
691 444
691 2
691 765
691 644
692 390
692 116
692 176
692 459
692 652
692 70
692 326
692 11
692 383
692 36
692 300
692 828
692 819
692 672
692 17
692 80
692 259
692 413
692 358
692 585
692 294
693 685
693 606
693 486
693 803
693 255
693 350
693 1000
693 994
693 662
693 936
693 63
693 549
693 266
693 329
693 154
693 812
693 413
693 626
693 307
693 780
693 754
693 257
693 229
694 279
694 776
694 356
694 435
694 781
694 249
694 609
694 36
694 546
695 606
695 721
695 404
695 222
695 84
695 793
695 549
695 398
695 8
695 213
695 975
695 626
695 475
695 643
695 696
695 678
695 256
695 397
695 705
695 85
695 480
695 82
695 960
695 585
695 220
696 68
696 961
696 996
696 957
696 23
696 919
696 953
696 192
696 618
696 443
696 621
696 300
696 799
696 42
696 982
696 364
696 141
696 826
696 623
696 12
696 355
696 284
697 76
697 15
697 362
697 847
697 917
697 66
697 484
697 691
697 960
697 860
697 366
697 90
697 427
697 156
698 4
698 99
698 682
698 537
698 103
698 59
698 808
698 859
698 449
698 260
698 118
698 187
698 731
698 669
698 355
698 469
699 824
699 616
699 617
699 611
699 68
699 488
699 373
699 258
699 917
699 81
699 188
699 678
699 644
699 543
700 352
700 552
700 581
700 180
700 945
700 730
700 451
700 261
700 104
700 732
700 270
700 636
700 863
700 689
700 717
700 760
700 550
700 718
700 983
700 392
700 859
700 112
701 754
701 789
701 601
701 62
701 580
701 474
701 972
702 604
702 502
702 975
702 980
702 731
702 790
702 699
702 199
702 474
702 99
702 627
702 608
702 756
702 269
702 24
702 395
702 644
702 912
702 950
702 284
702 345
702 23
702 601
702 151
702 383
703 711
703 556
703 754
703 186
703 32
703 15
703 728
703 867
703 539
703 449
703 458
703 151
703 320
703 232
703 714
703 968
704 59
704 207
704 490
704 934
704 558
704 614
704 187
705 226
705 199
705 327
705 819
705 538
705 236
705 93
705 96
705 736
705 694
705 987
705 131
705 707
705 257
705 609
705 923
705 547
705 82
705 371
705 79
705 471
705 617
706 849
706 511
706 912
706 510
707 122
707 658
707 670
707 504
707 218
707 501
707 227
707 792
707 831
707 598
707 12
707 937
707 357
707 936
707 596
707 767
707 4
708 506
708 417
708 135
708 558
708 878
708 887
708 173
708 147
708 179
708 813
708 279
708 906
708 932
708 32
708 154
708 966
708 471
708 120
708 337
708 657
709 125
709 80
709 452
709 751
709 285
709 49
709 818
709 783
709 320
709 289
709 812
709 291
709 691
710 556
710 359
710 288
710 264
710 638
711 365
711 132
711 986
711 990
711 455
711 261
711 504
711 391
711 951
711 917
711 847
711 164
711 203
711 127
712 33
713 556
713 156
713 289
713 468
713 348
713 218
713 491
713 545
713 795
713 651
713 562
713 531
713 410
713 994
713 989
713 910
713 789
713 166
713 144
713 261
713 838
713 664
713 730
714 412
714 174
714 702
714 179
714 85
715 14
715 108
715 461
715 208
715 269
715 6
715 270
715 201
715 766
715 524
716 601
717 286
717 765
717 256
718 620
718 268
718 737
718 802
718 446
718 477
718 279
718 89
718 552
718 252
718 145
718 662
718 411
718 549
719 459
719 789
719 169
719 561
719 314
720 665
720 868
720 950
720 238
720 547
721 73
721 462
721 506
721 30
721 282
721 998
721 703
721 617
721 982
721 606
721 47
721 850
721 660
721 70
721 296
722 438
722 714
722 557
722 896
722 482
722 344
723 477
723 485
723 774
723 344
723 681
723 753
723 955
723 423
723 381
723 620
723 416
723 318
723 519
723 828
723 429
723 208
723 168
723 4
723 69
723 359
723 195
724 258
724 742
724 209
724 75
724 953
724 755
724 202
724 166
724 678
724 719
724 829
724 738
724 773
724 758
724 540
724 3
725 463
725 921
725 980
725 342
725 180
725 915
725 902
726 99
726 145
727 850
727 299
727 920
727 403
727 892
727 419
727 838
727 328
727 688
727 196
727 262
728 141
729 349
729 903
729 213
729 652
729 130
729 785
729 730
729 579
729 496
729 466
729 633
729 156
729 994
729 60
729 625
729 348
729 906
729 838
729 192
729 218
729 399
729 740
729 51
730 555
730 678
730 897
730 569
730 369
730 531
730 766
730 459
730 705
731 190
731 13
731 697
731 773
731 38
731 780
731 922
731 877
731 921
731 693
731 530
731 238
731 925
731 492
731 715
731 792
731 332
731 354
731 237
732 438
732 547
732 456
732 385
732 148
732 383
732 395
732 160
732 746
732 176
732 406
732 909
732 869
732 683
732 222
732 404
732 718
732 261
732 342
732 485
733 57
733 338
733 171
734 254
734 961
734 605
734 527
734 567
734 1000
734 338
734 737
734 451
734 638
734 119
734 985
734 206
734 442
734 8
734 110
734 720
734 102
734 579
734 884
734 744
735 580
735 656
735 980
735 632
735 893
735 476
735 102
736 488
736 748
736 722
736 889
736 125
736 824
736 817
736 87
736 738
736 553
736 362
736 139
736 921
736 241
736 728
736 828
736 944
736 31
737 526
737 82
737 411
737 238
737 833
737 295
737 95
737 727
737 415
737 344
737 969
737 787
737 207
737 286
737 541
738 214
738 937
738 165
738 544
738 172
738 477
738 461
738 735
738 626
738 353
738 472
738 545
738 442
738 954
738 762
738 533
738 205
738 386
738 420
738 48
738 473
738 204
738 683
738 471
738 717
739 90
739 267
739 512
739 762
739 847
739 310
739 549
740 546
740 309
740 577
740 547
740 126
740 411
740 479
740 510
740 435
740 677
740 27
740 766
740 527
740 473
740 532
740 814
740 72
740 959
740 837
740 791
741 91
741 436
741 72
741 726
741 948
741 290
741 88
741 76
741 859
741 371
741 274
741 90
741 875
741 461
741 622
741 446
741 612
741 777
741 321
742 943
742 216
742 284
742 868
742 806
742 866
742 799
742 775
742 647
742 169
742 803
742 7
742 415
742 2
742 332
742 197
742 710
742 202
742 336
742 428
742 328
743 836
743 414
744 978
744 319
744 188
745 244
745 513
745 707
746 545
746 121
746 403
747 904
747 217
747 543
747 993
747 995
747 897
747 434
747 506
747 4
747 69
748 668
748 230
748 670
748 498
748 176
748 677
748 181
748 53
748 736
748 526
748 342
748 608
748 594
748 178
748 642
748 291
748 35
748 882
748 468
749 259
749 343
749 193
749 656
749 719
749 668
749 576
749 26
749 650
749 30
749 202
749 815
749 288
749 461
749 572
749 562
749 361
749 983
749 777
749 705
749 277
749 47
749 850
750 357
750 414
750 534
750 663
750 84
750 70
751 573
751 714
751 452
751 79
751 440
751 229
751 117
751 955
751 18
751 267
751 764
751 837
751 921
751 319
751 590
751 997
751 710
751 201
751 706
752 103
752 907
752 594
752 197
752 654
752 750
752 765
752 729
752 759
752 945
752 361
752 3
752 649
752 847
753 426
753 479
753 219
753 2
753 782
753 603
753 106
753 992
753 17
753 754
754 27
754 337
754 68
754 544
754 949
754 915
754 558
754 75
754 897
754 72
754 155
754 111
754 686
754 59
754 270
755 949
755 777
755 118
755 422
755 146
755 32
755 853
755 887
755 549
755 452
755 877
755 525
755 959
755 931
755 73
755 850
756 105
756 673
756 266
756 509
757 95
757 548
757 399
757 456
757 451
757 968
757 436
757 549
757 653
757 522
757 222
757 922
757 400
757 206
757 407
757 864
757 238
757 706
757 337
757 89
757 225
758 751
758 382
758 425
758 831
758 253
758 942
758 235
758 349
758 135
758 442
758 725
758 701
758 452
758 637
758 874
758 819
758 662
758 140
759 123
759 51
759 588
759 701
759 466
759 689
759 892
759 119
759 715
759 823
759 167
759 646
759 682
759 142
759 300
760 163
760 725
760 26
760 572
760 622
761 187
761 538
762 308
762 724
762 569
762 271
762 719
763 8
763 139
763 745
764 9
764 706
764 1
764 419
764 206
765 487
765 449
765 928
765 254
765 433
765 152
765 498
765 220
765 775
765 945
765 910
765 810
765 940
765 9
765 30
765 572
765 201
765 698
765 678
765 404
765 651
765 371
765 431
765 658
766 157
766 20
766 403
766 402
766 705
766 1
766 306
766 105
766 33
766 262
766 186
766 380
766 593
766 538
766 710
766 732
766 472
766 126
766 156
766 474
766 258
766 620
767 57
767 129
767 779
767 327
767 659
767 176
767 638
767 358
767 199
767 98
767 924
767 417
767 818
767 940
767 916
767 509
767 306
767 500
767 30
767 231
767 814
767 8
767 581
767 637
768 228
768 880
768 129
769 144
769 963
769 438
769 921
769 27
769 44
769 7
769 338
769 659
769 570
769 509
769 863
769 734
769 117
769 816
769 216
769 550
769 209
769 370
770 509
770 868
770 348
770 759
770 620
770 1
770 501
770 991
770 864
770 156
770 236
770 421
770 86
770 416
770 148
770 52
770 256
771 349
771 138
771 510
771 469
771 541
771 141
771 738
771 988
771 385
772 38
772 983
772 91
772 945
772 999
772 734
772 191
772 49
772 441
772 462
772 252
772 613
772 852
772 124
772 170
773 337
773 519
773 510
773 641
773 491
773 80
773 110
773 12
773 546
773 802
773 857
773 467
773 282
773 522
773 48
773 709
773 919
773 488
773 763
773 443
773 926
773 297
773 530
773 440
774 396
774 367
774 257
774 381
774 901
774 957
774 173
774 976
774 635
774 429
774 391
775 90
775 495
775 801
775 653
775 380
775 488
775 104
776 382
776 406
776 761
776 208
776 127
776 451
776 301
776 526
777 373
777 561
777 269
777 681
777 68
777 159
777 453
777 869
777 179
777 169
777 740
777 463
777 119
777 48
777 954
777 896
777 64
777 614
777 236
777 371
777 883
778 725
778 827
778 680
778 70
778 790
778 471
778 635
778 740
778 865
778 522
778 15
778 963
778 269
778 172
778 759
778 280
778 834
778 868
778 42
778 549
778 681
778 385
778 533
779 788
779 439
779 901
779 825
779 868
779 633
779 551
779 145
779 813
780 91
780 755
780 851
780 137
780 84
780 407
780 431
780 788
780 543
780 749
780 789
780 747
780 262
780 264
781 24
782 27
782 761
782 67
782 491
782 12
782 438
782 743
782 481
782 218
782 572
782 739
782 917
782 56
782 78
782 987
782 752
783 492
783 279
783 396
783 124
783 676
783 623
783 297
783 532
783 19
783 518
783 191
783 50
783 178
783 13
783 656
783 310
783 110
783 680
784 494
784 386
784 819
784 591
784 89
784 339
784 846
784 303
784 385
784 49
784 869
784 983
784 661
784 470
784 688
784 745
784 713
784 188
784 245
784 896
784 910
784 913
784 696
784 914
784 439
785 37
785 720
785 153
785 164
785 191
785 815
785 246
785 446
785 510
785 481
785 549
785 695
785 178
785 771
785 377
785 417
785 68
785 2
785 848
785 368
785 172
785 975
786 774
786 241
786 856
786 361
786 21
786 36
786 407
787 683
787 378
787 842
787 737
787 624
787 307
787 137
787 667
787 344
787 275
788 570
788 530
788 331
788 267
788 79
788 520
788 994
788 850
788 966
788 111
788 733
788 6
788 407
788 51
788 413
789 800
789 367
789 604
789 568
789 973
789 495
789 649
789 144
789 41
789 949
789 369
789 671
789 957
789 1000
790 51
790 156
790 302
790 55
790 925
790 775
790 107
790 26
790 880
790 367
790 663
790 9
790 345
790 710
790 535
790 117
790 602
790 519
790 191
790 479
790 814
790 629
790 951
790 248
790 954
791 786
791 181
791 248
791 809
791 132
791 446
791 128
791 642
792 527
792 66
792 441
792 287
792 978
792 641
792 153
792 30
792 981
792 913
792 77
792 809
792 945
792 62
792 228
792 574
792 291
792 507
792 374
793 303
793 315
793 75
793 82
793 667
793 876
793 323
793 985
793 770
793 620
793 259
793 265
793 999
793 267
793 437
793 528
793 895
793 111
793 196
793 57
793 853
793 442
793 388
793 378
793 953
794 869
795 573
795 437
795 600
795 297
795 990
795 831
795 869
795 96
795 476
795 889
795 801
795 804
795 688
795 216
796 792
796 37
796 129
796 334
796 736
796 737
796 139
796 991
796 168
796 883
796 521
796 272
796 457
796 320
796 28
796 566
796 998
796 108
796 371
796 613
796 933
796 67
797 361
797 334
797 756
798 624
798 561
798 820
798 232
798 780
798 230
798 342
798 189
798 463
798 674
798 53
798 619
799 239
799 596
799 915
799 113
799 289
799 678
799 606
799 591
799 449
799 571
799 170
799 900
799 224
799 874
799 424
799 944
799 847
799 635
799 240
800 929
800 544
800 780
800 521
800 529
800 212
800 309
800 643
800 273
800 664
800 740
800 799
800 764
801 201
802 778
802 292
802 301
802 57
802 347
802 214
802 229
802 870
802 103
802 889
802 572
802 438
803 720
803 634
803 757
803 735
803 930
803 543
803 644
803 190
804 142
804 389
804 897
804 283
804 837
804 377
804 730
804 557
804 776
804 254
804 590
804 621
804 215
804 406
804 121
804 167
805 388
805 594
805 580
805 144
805 176
805 86
805 618
805 987
805 823
805 498
805 181
805 532
805 764
805 464
805 598
805 918
805 856
805 986
805 203
805 935
805 204
806 522
806 390
807 910
807 301
807 264
807 433
807 834
807 381
807 711
807 77
807 906
807 262
807 71
807 716
807 521
807 344
807 35
807 921
807 634
807 883
807 492
807 112
807 683
807 531
807 501
808 309
808 103
808 649
808 641
808 130
808 329
808 494
808 836
808 272
808 393
808 978
808 386
808 865
808 232
808 901
808 352
808 144
808 49
809 942
809 876
810 337
810 383
811 726
811 482
811 279
811 225
812 519
813 731
813 405
813 914
813 17
813 335
813 817
813 80
813 573
813 532
813 699
813 724
813 327
813 84
814 487
814 767
814 718
814 509
814 275
814 543
814 950
814 226
814 339
814 799
814 803
815 488
815 29
815 918
816 977
816 220
816 685
816 958
816 851
816 452
816 923
816 922
817 608
817 818
817 957
817 694
817 170
817 654
817 855
817 203
817 299
817 331
817 89
817 655
817 174
817 603
818 993
818 227
818 290
818 773
818 56
818 901
818 462
818 148
818 45
818 568
818 277
818 180
818 734
818 647
818 391
818 482
818 460
818 118
819 753
819 284
819 15
819 816
819 285
819 955
819 483
819 878
819 813
819 288
819 904
819 488
819 393
819 124
819 205
819 829
820 940
821 5
821 894
821 989
821 6
821 665
821 537
821 586
821 26
821 718
821 993
821 672
821 321
821 898
821 259
821 759
821 267
821 649
821 657
821 632
822 696
822 9
822 739
822 402
822 331
822 267
822 889
822 443
822 283
822 355
822 65
823 204
823 911
823 817
823 814
823 516
823 595
823 304
823 406
823 578
823 642
823 600
823 606
824 974
824 212
824 205
824 343
824 889
824 209
824 201
825 50
825 278
825 555
826 686
826 291
826 733
827 904
827 499
827 815
827 252
827 922
827 934
827 981
827 462
827 956
827 909
827 622
827 999
827 370
827 484
828 441
828 524
828 473
828 685
828 83
828 955
828 429
828 829
828 785
828 384
828 53
828 498
828 29
828 361
828 9
828 161
828 613
828 324
828 880
828 250
828 272
828 549
828 576
828 89
829 810
829 545
829 464
829 136
829 134
829 138
829 622
829 653
829 581
829 647
829 506
829 502
829 127
829 96
829 113
829 794
829 132
829 609
829 497
829 442
830 755
830 443
830 183
830 770
830 590
830 163
830 685
830 881
830 587
830 477
830 753
830 940
830 12
830 705
830 30
830 234
831 398
831 530
831 129
831 921
831 609
831 199
831 367
831 953
831 142
831 782
831 880
831 769
831 218
831 145
831 232
832 939
832 791
832 337
832 374
832 898
832 719
832 597
832 239
832 531
832 18
832 916
832 464
832 146
832 558
832 687
833 150
833 451
833 351
833 131
833 171
833 606
833 382
833 727
833 775
833 599
833 457
833 96
833 309
833 443
833 248
833 605
833 561
834 57
834 53
834 376
834 235
834 6
834 983
834 443
834 200
834 617
834 920
834 341
834 216
834 127
834 813
834 502
834 682
834 756
834 935
834 605
834 861
835 104
835 472
835 600
835 82
835 409
835 681
835 750
835 734
835 230
835 88
835 436
835 807
835 988
835 680
835 232
835 275
836 53
837 423
837 377
837 405
837 857
837 948
837 954
837 215
837 563
837 208
837 970
837 325
837 476
837 771
837 543
837 530
837 37
838 482
838 654
838 951
838 16
838 26
838 903
838 201
838 254
838 891
838 978
838 403
838 112
838 345
838 766
838 267
838 971
839 268
839 78
839 642
839 499
839 929
839 761
839 107
839 351
839 438
839 403
839 93
839 310
839 131
839 415
839 206
839 485
839 471
839 204
839 611
839 113
840 134
840 50
840 885
840 869
840 370
840 697
840 883
840 746
840 971
840 946
840 475
840 893
840 491
840 915
841 580
841 891
841 845
841 914
841 879
841 157
841 881
841 621
841 759
841 243
841 965
841 172
841 259
841 161
841 474
841 604
841 12
841 258
841 766
841 972
841 892
842 804
842 632
842 66
842 398
842 767
842 921
843 914
843 758
843 651
843 522
843 35
843 623
843 265
843 327
843 899
843 520
843 96
843 65
843 37
843 140
843 780
843 784
843 299
843 136
843 307
843 455
843 232
844 46
844 201
844 359
844 461
844 996
844 447
844 579
844 153
844 101
844 836
844 871
844 610
845 434
845 257
845 486
845 793
845 7
845 924
845 885
845 746
846 628
846 338
846 952
846 733
846 240
846 370
846 225
846 58
846 859
846 675
846 808
847 228
847 560
847 274
847 31
847 940
847 989
847 240
847 614
847 439
847 12
847 689
847 129
847 312
847 276
847 82
847 819
847 820
848 355
848 40
848 53
848 513
848 21
848 786
848 324
849 532
849 926
849 340
849 308
850 484
850 426
850 122
850 176
850 632
850 157
850 652
850 295
850 951
851 217
851 47
851 514
851 312
851 888
851 329
851 781
851 455
851 422
851 100
851 800
851 93
851 631
851 765
851 507
851 54
851 392
851 340
851 579
851 468
851 991
851 858
851 918
851 960
852 495
852 413
852 905
852 166
852 303
852 757
853 980
853 421
853 482
853 637
853 454
853 973
854 28
854 560
854 133
854 211
854 575
854 831
854 369
854 486
854 956
854 595
854 942
854 299
854 750
854 974
854 263
854 645
855 301
855 107
855 999
855 12
855 964
855 450
855 526
855 972
855 339
855 761
855 357
855 842
855 369
855 595
855 45
855 470
855 257
855 136
855 161
855 513
856 25
856 349
856 30
856 711
856 476
856 953
856 342
856 662
856 486
856 976
856 247
856 584
856 555
856 751
856 899
856 463
856 251
856 896
856 916
857 822
857 300
857 395
857 489
857 692
857 727
857 201
857 128
857 9
857 869
857 989
857 205
857 283
857 714
858 280
858 314
858 91
858 948
858 172
858 748
858 668
858 651
858 817
859 183
859 160
859 489
859 269
859 491
859 808
859 662
859 179
860 23
860 407
860 776
860 553
860 967
860 877
860 948
860 69
860 99
860 550
860 656
860 256
860 887
860 248
860 720
860 922
861 424
861 585
861 416
861 819
861 776
861 598
861 863
861 791
861 984
861 162
861 632
861 318
861 213
861 88
861 423
861 611
861 140
861 959
861 698
861 410
861 676
861 289
861 989
861 764
862 654
862 527
862 647
862 15
862 46
862 530
862 394
862 374
862 583
862 681
862 601
862 85
862 424
862 669
862 954
862 989
862 717
862 116
862 666
862 857
862 637
862 89
863 620
863 889
863 95
863 768
863 27
863 298
863 132
863 721
863 412
863 551
863 773
864 742
864 403
864 687
864 907
864 588
865 195
865 642
865 368
865 470
865 615
865 269
865 100
865 390
865 374
866 599
866 24
866 622
866 201
866 362
866 37
866 187
866 245
866 596
866 946
866 712
866 277
866 783
866 254
866 928
866 901
866 168
866 682
866 139
866 690
866 595
866 571
866 990
866 437
866 343
867 724
867 124
867 770
867 818
867 542
867 452
867 79
867 802
867 942
867 571
867 932
867 358
867 69
868 418
868 931
868 930
868 181
868 672
868 965
868 478
868 847
868 442
868 595
868 448
868 46
868 945
868 827
868 580
868 486
868 71
868 100
868 349
868 390
868 412
868 32
869 172
869 326
869 143
869 227
869 301
869 752
869 178
869 508
869 871
869 426
869 928
869 124
869 531
869 989
869 628
870 555
870 149
870 940
870 87
870 120
870 257
870 656
870 455
870 827
870 805
870 669
870 782
870 88
870 846
870 882
870 368
870 557
870 676
870 174
870 737
870 487
870 27
870 295
871 995
871 287
871 220
871 380
871 54
871 249
871 487
871 796
871 359
871 594
871 438
871 991
871 912
871 447
871 800
871 124
871 161
871 739
871 12
871 443
871 264
872 105
872 497
872 457
872 600
872 247
872 81
872 558
872 155
872 587
872 752
872 571
872 677
872 608
872 127
872 359
872 361
872 934
872 337
872 233
872 764
872 44
872 467
872 455
872 195
873 319
873 310
873 12
873 238
873 353
873 572
873 878
873 362
873 202
873 629
873 467
873 18
874 930
874 160
874 409
874 606
874 685
874 743
874 956
874 844
874 909
874 627
874 350
874 577
874 638
874 862
874 683
874 773
874 936
874 667
875 874
876 296
876 622
876 463
876 943
876 646
876 437
876 403
876 533
876 201
876 891
876 427
876 554
876 74
876 845
876 654
876 794
876 969
876 620
876 894
876 909
876 359
876 354
876 723
876 356
877 547
877 120
877 480
877 554
877 28
877 479
877 718
877 94
877 276
877 702
877 344
877 91
877 320
878 690
878 542
878 614
878 706
878 169
878 952
878 231
878 224
878 6
878 702
878 522
879 45
879 252
879 101
879 727
879 791
879 144
879 944
879 898
879 907
879 31
880 744
880 753
880 770
880 128
880 219
880 836
880 313
880 772
880 725
880 780
881 33
881 830
881 721
881 682
881 370
881 885
882 905
882 337
882 527
882 132
882 558
882 571
882 781
882 281
882 619
882 345
882 712
882 450
882 758
882 591
882 462
882 549
882 634
882 109
882 453
882 807
882 718
882 744
882 572
882 289
882 411
883 388
883 72
883 515
883 674
883 260
883 664
884 173
884 304
884 783
884 528
884 740
884 235
884 883
884 399
884 538
884 970
884 731
885 735
885 492
886 829
886 700
886 283
886 37
886 812
886 167
886 532
886 53
886 865
886 622
886 985
886 471
887 696
887 786
887 566
887 504
887 641
887 262
887 570
887 317
888 937
888 620
888 8
888 308
889 499
889 438
889 894
889 843
889 416
889 64
889 556
889 4
889 580
889 913
889 616
890 660
890 952
891 799
891 918
891 539
891 205
891 287
891 776
891 29
891 391
891 323
891 143
891 715
891 904
891 364
891 225
891 606
891 434
891 1000
891 40
891 258
891 804
891 590
891 349
891 886
891 231
891 684
892 115
892 281
892 165
892 219
892 510
892 645
892 856
892 341
892 70
892 532
892 574
892 818
892 551
892 202
892 638
892 227
892 194
892 629
892 687
893 720
893 579
893 360
893 827
893 737
893 212
893 685
893 563
893 216
893 930
893 843
894 145
894 414
894 568
894 109
894 987
894 713
894 616
894 645
894 470
894 96
894 732
894 869
894 87
894 77
894 802
895 534
895 492
895 952
895 765
895 422
895 826
895 743
895 586
896 456
896 251
896 694
896 327
896 771
896 233
896 360
896 221
897 923
897 562
897 29
897 56
897 95
897 89
897 198
897 492
897 174
897 706
897 628
897 402
897 987
897 353
897 808
897 979
897 677
897 512
897 295
898 422
898 265
898 168
898 934
899 40
899 394
899 456
899 308
899 960
899 658
899 443
899 739
899 430
899 19
899 234
899 50
899 827
899 72
899 455
900 456
900 154
900 115
900 142
900 604
900 360
900 386
900 484
900 373
900 649
900 284
901 934
901 915
901 987
901 955
901 595
901 360
901 848
901 694
901 258
901 946
901 301
901 951
901 122
901 85
901 396
901 341
901 680
901 636
901 818
901 23
901 717
901 687
901 208
902 159
902 784
902 522
902 617
902 581
902 792
902 985
902 19
902 327
902 559
902 523
902 915
902 86
903 953
903 458
903 248
903 416
903 893
903 934
903 202
903 704
904 598
904 681
904 501
904 270
904 651
904 550
904 610
904 482
904 183
904 456
904 916
904 285
904 215
904 547
905 261
905 57
905 65
905 957
905 145
905 555
905 277
906 124
906 290
906 602
906 977
906 427
906 768
906 613
906 900
906 558
906 975
906 590
906 879
906 46
906 122
906 180
906 718
906 744
906 756
906 722
906 146
907 85
907 138
907 59
907 724
907 377
907 118
907 661
907 83
907 571
907 347
908 681
908 429
908 990
908 755
908 610
908 580
908 860
908 830
908 150
908 991
908 815
908 966
909 825
909 419
909 985
909 735
909 868
909 118
909 734
909 508
909 5
909 77
909 994
909 979
909 645
909 743
909 628
910 510
910 315
910 239
910 42
910 401
910 872
910 626
911 76
911 950
911 620
911 142
911 431
911 109
911 362
911 264
911 63
911 417
911 901
911 676
911 525
911 188
911 776
911 477
911 914
912 901
912 307
912 221
912 847
912 433
912 639
912 967
912 10
912 878
912 969
912 802
913 249
913 274
913 789
913 975
913 629
913 116
913 316
913 17
913 481
913 770
913 425
913 441
913 352
913 246
913 589
913 117
914 350
914 202
914 869
914 726
914 474
914 306
914 193
914 579
914 206
914 280
914 813
914 140
914 8
914 567
914 57
914 496
914 59
914 885
914 962
915 489
915 446
915 791
915 876
915 854
915 683
915 688
915 406
915 241
915 61
915 482
915 460
915 601
915 340
915 953
916 114
916 760
916 245
917 870
917 354
917 242
917 753
917 300
917 708
917 358
917 38
917 967
917 549
918 418
918 865
918 830
918 454
918 915
918 146
918 409
918 795
918 233
918 215
918 882
918 497
918 441
918 104
918 208
918 88
918 316
918 86
918 534
918 812
918 505
919 313
919 668
919 798
919 840
919 802
919 208
919 183
919 557
919 953
919 502
919 395
919 240
919 511
919 191
920 951
920 530
920 255
920 353
920 38
920 281
920 978
920 878
921 801
921 200
921 889
921 419
921 575
921 723
921 408
921 684
921 207
921 94
921 497
921 446
921 878
921 959
922 547
923 589
923 270
923 778
923 590
923 139
923 189
923 115
923 582
923 335
923 272
923 889
923 879
923 326
923 49
923 483
923 240
923 869
923 797
923 660
923 557
923 455
923 39
923 683
924 190
924 183
924 200
925 964
925 344
925 320
925 699
925 88
925 896
925 665
925 373
925 305
925 992
925 929
925 547
925 976
925 527
925 604
925 3
925 898
925 947
925 975
925 643
926 180
926 736
926 863
926 275
926 491
926 990
926 922
926 521
926 303
926 343
926 914
926 289
926 739
926 147
926 981
926 173
926 285
926 244
926 312
926 30
926 306
926 954
926 246
927 756
927 166
927 271
927 724
927 131
927 839
927 799
927 432
927 602
927 769
928 292
928 489
928 509
928 875
928 507
928 731
928 31
928 659
928 80
928 620
929 765
929 778
929 35
930 595
930 598
930 293
930 518
930 75
930 47
930 814
930 723
930 342
930 972
930 576
930 206
930 411
930 541
930 714
930 727
930 959
930 774
931 953
932 790
932 675
932 164
932 286
932 113
932 607
932 105
932 824
932 295
932 889
933 64
933 439
933 678
933 523
933 899
933 48
933 231
933 366
933 819
933 239
933 247
933 306
933 751
933 533
933 547
933 703
933 322
933 45
933 449
933 312
933 245
933 72
934 870
934 282
934 194
934 86
934 358
934 188
934 202
934 334
934 65
934 312
934 899
934 723
934 950
934 180
934 531
934 766
935 93
935 766
935 259
935 233
935 258
935 764
935 163
935 379
935 37
935 645
935 467
935 862
935 684
935 35
935 774
935 349
935 33
935 502
936 165
936 708
936 280
936 960
936 550
936 512
936 866
936 948
937 714
937 729
937 146
937 123
937 79
937 366
937 495
937 415
937 473
937 432
937 858
937 745
937 795
937 945
938 423
938 872
938 428
938 359
938 61
938 395
938 705
938 57
938 154
938 137
938 981
938 808
938 152
938 881
938 454
938 713
938 418
938 762
938 544
938 291
938 606
938 656
938 641
938 471
939 674
939 600
939 108
939 116
939 355
939 22
939 266
939 986
939 257
939 569
939 639
939 685
939 577
939 998
939 922
939 176
939 992
939 126
939 776
940 997
940 996
940 640
940 28
940 409
940 720
941 930
941 909
941 553
941 666
941 290
941 673
942 913
942 561
942 777
942 745
942 455
942 614
942 900
942 247
942 490
942 178
943 923
943 211
943 836
943 944
943 380
943 284
943 664
943 291
943 747
943 79
943 208
943 813
943 962
943 434
943 729
943 653
944 92
944 818
944 44
944 770
944 369
944 993
944 456
944 359
944 639
944 383
944 323
944 668
944 838
944 927
944 441
944 622
944 284
944 781
944 68
944 132
945 114
945 902
945 296
945 950
945 648
945 563
945 789
945 609
945 910
945 951
945 481
945 201
946 301
946 397
946 854
946 826
946 734
946 457
946 20
946 634
946 310
946 530
946 157
946 590
946 135
947 340
947 308
947 919
947 555
947 481
947 699
947 486
947 21
947 764
947 863
947 534
947 3
947 725
947 507
947 84
947 374
947 954
947 92
948 989
948 328
948 252
948 663
948 808
948 28
948 343
948 445
948 563
948 574
948 159
948 963
948 233
949 579
949 939
949 184
949 388
949 995
949 333
949 625
949 141
949 721
949 763
949 871
949 173
949 925
949 887
949 314
949 845
949 559
950 305
951 998
951 157
951 42
951 180
951 431
951 824
951 203
951 788
951 266
952 260
952 426
952 155
952 225
952 782
952 802
952 544
952 31
953 544
953 338
953 378
953 500
953 112
953 51
953 957
953 64
953 865
953 369
953 251
953 717
953 91
953 602
953 331
953 462
953 951
953 878
953 913
953 860
953 427
953 125
953 297
954 886
954 494
954 917
954 153
954 91
954 206
954 396
954 199
954 505
954 326
954 578
954 825
954 604
954 467
954 580
954 617
955 591
955 474
955 477
955 51
955 585
955 638
955 377
955 572
955 88
955 771
955 418
955 423
955 67
955 640
955 376
955 480
955 917
955 794
955 950
955 813
956 105
956 558
956 349
956 174
956 6
956 575
956 965
956 182
956 772
956 352
956 206
956 530
956 535
956 957
956 478
956 733
956 916
956 288
956 544
956 841
957 529
957 704
957 158
957 79
957 726
957 468
957 548
957 912
957 410
957 151
957 630
957 111
957 681
957 84
957 626
957 737
958 584
958 4
958 940
959 745
959 328
959 838
959 847
959 683
959 186
959 681
959 214
960 130
960 629
960 953
960 389
960 675
960 992
960 716
960 984
960 364
960 988
960 398
960 941
960 25
960 728
960 562
961 669
961 290
961 422
962 724
962 327
962 476
962 223
962 533
962 936
962 129
962 72
962 534
962 435
962 864
962 351
962 761
962 241
962 60
962 583
962 87
962 449
962 246
962 218
963 892
963 506
963 393
963 769
963 533
963 943
963 784
963 1
963 933
963 613
963 111
963 64
963 661
963 557
963 467
963 365
963 692
963 171
963 492
963 956
963 19
963 338
963 227
964 403
964 997
964 511
964 483
964 650
964 700
964 206
964 808
964 442
964 212
964 944
964 155
964 869
964 36
965 230
965 877
966 833
966 234
966 481
967 72
967 720
967 463
967 279
967 138
967 949
967 626
967 861
967 971
967 872
967 440
967 531
967 342
967 938
968 77
968 356
968 390
968 960
968 36
968 893
968 347
969 634
969 507
970 721
970 635
970 353
970 653
970 177
970 464
970 837
970 663
970 23
970 193
970 818
970 551
970 659
970 915
970 974
970 204
971 825
971 807
971 319
971 457
971 783
971 521
971 436
971 81
971 878
971 882
971 711
971 426
971 956
971 981
971 144
971 641
971 130
971 20
971 251
971 214
971 95
971 480
971 357
972 658
972 554
972 920
972 180
972 754
972 657
972 857
972 504
972 619
972 498
972 610
972 383
972 133
972 64
973 706
973 565
973 221
973 694
973 193
973 807
973 791
973 987
973 981
973 121
973 301
973 60
973 615
973 388
974 595
974 640
974 496
974 442
974 325
974 96
974 989
974 941
974 878
974 215
974 87
974 348
974 199
974 139
974 912
974 165
974 808
974 26
974 352
974 946
975 659
975 285
975 193
975 710
975 883
975 905
975 76
975 410
975 56
975 174
975 167
975 892
975 968
975 981
975 70
975 38
975 292
975 683
975 347
975 247
975 37
976 498
976 313
976 851
976 522
976 881
976 321
976 28
976 725
976 774
976 894
976 158
976 165
976 770
976 556
976 570
976 26
976 185
976 646
976 662
976 749
976 607
976 96
977 115
977 258
977 690
977 467
978 171
978 932
978 804
978 976
978 845
978 665
978 342
978 229
978 551
978 668
978 625
978 197
978 951
978 811
978 75
978 751
978 273
978 274
978 86
978 215
978 596
978 49
978 84
979 366
979 93
979 87
979 691
979 888
979 405
979 574
979 200
979 133
979 829
979 434
979 427
979 794
979 433
979 341
979 343
979 667
979 291
979 956
979 616
979 880
979 370
979 650
979 484
979 975
980 748
980 445
980 440
980 38
980 369
980 925
980 546
980 228
980 32
980 1000
981 189
981 727
981 833
981 106
981 808
981 968
981 30
981 827
981 130
981 40
981 572
981 82
981 140
981 368
981 665
981 157
981 539
982 959
982 332
982 232
982 241
982 345
982 430
982 11
982 714
982 765
982 5
982 249
982 657
982 172
982 438
982 312
982 506
982 410
982 574
982 674
982 80
983 166
983 477
983 848
983 112
984 698
984 797
984 943
984 665
984 881
984 778
984 566
984 405
984 687
984 246
984 413
984 434
984 417
984 58
984 236
985 87
985 180
985 988
985 237
985 879
985 833
985 433
985 408
985 176
985 880
985 287
985 642
985 189
985 285
985 205
985 476
985 746
985 716
985 116
985 46
985 187
985 672
985 888
986 738
986 586
986 440
986 849
986 68
986 866
986 245
986 304
986 528
986 991
986 507
987 693
987 506
987 125
987 132
987 338
987 189
987 967
987 837
987 340
987 645
987 493
987 853
987 424
987 422
987 274
987 900
987 538
987 215
987 534
987 230
987 950
987 716
987 459
988 483
988 25
988 913
988 77
988 206
988 167
988 194
988 140
988 862
988 715
989 515
989 473
989 651
989 905
989 469
989 865
989 638
989 163
989 900
989 940
990 370
990 309
991 883
991 909
991 702
991 21
991 746
992 268
992 817
992 866
992 871
992 547
992 51
992 523
992 41
992 761
992 720
992 45
992 868
992 203
992 492
992 246
992 22
992 173
992 962
993 281
993 756
993 395
993 242
993 979
993 637
993 24
993 289
993 610
993 963
993 557
993 76
993 377
994 690
994 617
994 756
995 927
995 18
995 741
995 557
995 358
995 154
995 857
995 180
995 879
995 319
995 925
995 244
995 592
995 917
995 598
995 305
995 433
995 926
995 382
995 299
995 356
995 839
995 506
996 402
996 124
996 522
996 341
996 127
996 932
996 595
996 310
996 976
996 986
996 84
996 802
996 40
996 550
996 892
996 254
996 704
996 857
996 952
996 213
996 874
996 619
996 915
996 924
996 211
997 810
997 832
997 136
997 436
997 949
997 40
997 318
997 899
997 730
997 5
997 237
997 520
997 320
998 532
998 288
998 966
998 405
998 764
998 751
998 563
998 262
998 572
998 715
998 149
999 1000
1000 682
1000 223
1000 651
1000 744
